,datestamp,estimated_actual_footfall,estimated_actual_footfall_rolling,year,month,monthday,weekday,week_of_year,Sin_weekday,Cos_weekday,Sin_monthday,Cos_monthday,Sin_week_of_year,Cos_week_of_year,Sin_month,Cos_month,is_weekend,bank_hol,school_hol,covid,temperature_2m_mean,precipitation_sum,wind_speed_10m_max,daylight_duration
2192,2025-01-01,577601.0,598351,2025,1,1,2,1,0.8660254037844387,-0.4999999999999998,0.20129852008866,0.9795299412524944,0.1182731709213658,0.9929810960135168,0.4999999999999999,0.8660254037844387,0,1,1,0,5.1874995,30.1,26.587042,27122.145
2193,2025-01-02,607459.0,597028,2025,1,2,3,1,1.2246467991473532e-16,-1.0,0.3943558551133185,0.9189578116202306,0.1182731709213658,0.9929810960135168,0.4999999999999999,0.8660254037844387,0,0,1,0,-0.78958327,0.0,13.379461,27203.908
2194,2025-01-03,599189.0,613418,2025,1,3,4,1,-0.8660254037844385,-0.5000000000000004,0.5712682150947923,0.8207634412072763,0.1182731709213658,0.9929810960135168,0.4999999999999999,0.8660254037844387,0,0,1,0,1.5083333,0.0,24.709875,27291.889
2195,2025-01-04,624713.0,597212,2025,1,4,5,1,-0.8660254037844386,0.5000000000000001,0.72479278722912,0.6889669190756866,0.1182731709213658,0.9929810960135168,0.4999999999999999,0.8660254037844387,1,0,0,0,0.6416666,0.2,13.619471,27385.957
2196,2025-01-05,553875.0,591248,2025,1,5,6,1,-2.4492935982947064e-16,1.0,0.8486442574947509,0.5289640103269624,0.1182731709213658,0.9929810960135168,0.4999999999999999,0.8660254037844387,1,0,0,0,0.36875,31.6,21.24,27485.986
2197,2025-01-06,554925.0,595232,2025,1,6,0,2,0.0,1.0,0.9377521321470804,0.3473052528448203,0.2348860457809836,0.9720229140804107,0.4999999999999999,0.8660254037844387,0,0,0,0,1.379167,12.199999,25.331442,27591.848
2198,2025-01-07,613778.0,599014,2025,1,7,1,2,0.8660254037844386,0.5000000000000001,0.9884683243281114,0.1514277775045767,0.2348860457809836,0.9720229140804107,0.4999999999999999,0.8660254037844387,0,0,0,0,0.14999999,0.0,19.84005,27703.646
2199,2025-01-08,572455.0,593545,2025,1,8,2,2,0.8660254037844387,-0.4999999999999998,0.9987165071710528,-0.0506491688387126,0.2348860457809836,0.9720229140804107,0.4999999999999999,0.8660254037844387,0,0,0,0,-3.4270833,0.0,18.745079,27822.607
2200,2025-01-09,580086.0,595770,2025,1,9,3,2,1.2246467991473532e-16,-1.0,0.9680771188662044,-0.2506525322587204,0.2348860457809836,0.9720229140804107,0.4999999999999999,0.8660254037844387,0,0,0,0,-3.883333,0.0,15.342294,27948.65
2201,2025-01-10,604824.0,616531,2025,1,10,4,2,-0.8660254037844385,-0.5000000000000004,0.8978045395707416,-0.4403941515576344,0.2348860457809836,0.9720229140804107,0.4999999999999999,0.8660254037844387,0,0,0,0,-4.066666,0.0,10.783487,28081.453
2202,2025-01-11,559510.0,592328,2025,1,11,5,2,-0.8660254037844386,0.5000000000000001,0.7907757369376989,-0.6121059825476626,0.2348860457809836,0.9720229140804107,0.4999999999999999,0.8660254037844387,1,0,0,0,-3.8541663,0.0,6.162207,28220.688
2203,2025-01-12,569883.0,588270,2025,1,12,6,2,-2.4492935982947064e-16,1.0,0.6513724827222223,-0.758758122692791,0.2348860457809836,0.9720229140804107,0.4999999999999999,0.8660254037844387,1,0,0,0,-0.12500003,0.0,11.545284,28366.033
2204,2025-01-13,573230.0,591101,2025,1,13,0,3,0.0,1.0,0.485301962531081,-0.8743466161445821,0.3482016354343987,0.9374196611341208,0.4999999999999999,0.8660254037844387,0,0,0,0,3.5875003,0.0,22.862833,28517.174
2205,2025-01-14,600721.0,599779,2025,1,14,1,3,0.8660254037844386,0.5000000000000001,0.299363122973358,-0.9541392564000488,0.3482016354343987,0.9374196611341208,0.4999999999999999,0.8660254037844387,0,0,0,0,7.639584,0.0,25.103384,28673.787
2206,2025-01-15,606532.0,594027,2025,1,15,2,3,0.8660254037844387,-0.4999999999999998,0.1011683219874327,-0.994869323391895,0.3482016354343987,0.9374196611341208,0.4999999999999999,0.8660254037844387,0,0,0,0,7.0604157,0.0,16.380001,28835.56
2207,2025-01-16,627314.0,597290,2025,1,16,3,3,1.2246467991473532e-16,-1.0,-0.101168321987432,-0.9948693233918952,0.3482016354343987,0.9374196611341208,0.4999999999999999,0.8660254037844387,0,0,0,0,4.5499997,0.0,13.104198,29002.207
2208,2025-01-17,619714.0,614270,2025,1,17,4,3,-0.8660254037844385,-0.5000000000000004,-0.2993631229733582,-0.9541392564000488,0.3482016354343987,0.9374196611341208,0.4999999999999999,0.8660254037844387,0,0,0,0,4.4500003,0.0,17.02404,29173.404
2209,2025-01-18,638155.0,598993,2025,1,18,5,3,-0.8660254037844386,0.5000000000000001,-0.4853019625310808,-0.8743466161445822,0.3482016354343987,0.9374196611341208,0.4999999999999999,0.8660254037844387,1,0,0,0,1.4979163,0.0,8.891343,29348.867
2210,2025-01-19,601514.0,593038,2025,1,19,6,3,-2.4492935982947064e-16,1.0,-0.651372482722222,-0.7587581226927911,0.3482016354343987,0.9374196611341208,0.4999999999999999,0.8660254037844387,1,0,0,0,-0.07291668,0.0,10.8792095,29528.31
2211,2025-01-20,614661.0,595357,2025,1,20,0,4,0.0,1.0,-0.7907757369376986,-0.6121059825476627,0.4566292373937131,0.8896570909947473,0.4999999999999999,0.8660254037844387,0,0,0,0,2.8687499,1.8000001,13.169555,29711.45
2212,2025-01-21,608951.0,604836,2025,1,21,1,4,0.8660254037844386,0.5000000000000001,-0.8978045395707417,-0.4403941515576342,0.4566292373937131,0.8896570909947473,0.4999999999999999,0.8660254037844387,0,0,0,0,4.4562497,3.1000001,12.932471,29898.004
2213,2025-01-22,642895.0,600996,2025,1,22,2,4,0.8660254037844387,-0.4999999999999998,-0.968077118866204,-0.2506525322587213,0.4566292373937131,0.8896570909947473,0.4999999999999999,0.8660254037844387,0,0,0,0,3.7145832,0.70000005,7.928177,30087.719
2214,2025-01-23,625073.0,606662,2025,1,23,3,4,1.2246467991473532e-16,-1.0,-0.9987165071710528,-0.0506491688387135,0.4566292373937131,0.8896570909947473,0.4999999999999999,0.8660254037844387,0,0,0,0,3.53125,4.1000004,20.83184,30280.318
2215,2025-01-24,598257.0,611497,2025,1,24,4,4,-0.8660254037844385,-0.5000000000000004,-0.9884683243281114,0.1514277775045766,0.4566292373937131,0.8896570909947473,0.4999999999999999,0.8660254037844387,0,0,0,0,5.9937496,7.8,36.367126,30475.549
2216,2025-01-25,600468.0,598093,2025,1,25,5,4,-0.8660254037844386,0.5000000000000001,-0.9377521321470804,0.3473052528448203,0.4566292373937131,0.8896570909947473,0.4999999999999999,0.8660254037844387,1,0,0,0,2.7541664,0.0,20.157589,30673.168
2217,2025-01-26,,1104021,2025,1,26,6,4,-2.4492935982947064e-16,1.0,-0.8486442574947509,0.5289640103269624,0.4566292373937131,0.8896570909947473,0.4999999999999999,0.8660254037844387,1,0,0,0,2.9999998,4.4,28.431454,30872.932
2218,2025-01-27,1098077.0,1089716,2025,1,27,0,5,0.0,1.0,-0.72479278722912,0.6889669190756865,0.5586467658036525,0.8294056854502019,0.4999999999999999,0.8660254037844387,0,0,0,0,4.61875,15.3,21.511318,31074.998
2219,2025-01-28,,1111313,2025,1,28,1,5,0.8660254037844386,0.5000000000000001,-0.5712682150947924,0.8207634412072763,0.5586467658036525,0.8294056854502019,0.4999999999999999,0.8660254037844387,0,0,0,0,5.2333336,1.5000001,19.023027,31281.438
2220,2025-01-29,,1111584,2025,1,29,2,5,0.8660254037844387,-0.4999999999999998,-0.3943558551133187,0.9189578116202306,0.5586467658036525,0.8294056854502019,0.4999999999999999,0.8660254037844387,0,0,0,0,4.0562496,0.0,18.844202,31492.307
2221,2025-01-30,,1135892,2025,1,30,3,5,1.2246467991473532e-16,-1.0,-0.2012985200886611,0.9795299412524944,0.5586467658036525,0.8294056854502019,0.4999999999999999,0.8660254037844387,0,0,0,0,2.6291666,0.0,17.160524,31707.273
2222,2025-01-31,,1127269,2025,1,31,4,5,-0.8660254037844385,-0.5000000000000004,-2.4492935982947064e-16,1.0,0.5586467658036525,0.8294056854502019,0.4999999999999999,0.8660254037844387,0,0,0,0,3.7749999,1.3000001,12.074766,31926.006
2223,2025-02-01,,1119235,2025,2,1,5,5,-0.8660254037844386,0.5000000000000001,0.20129852008866,0.9795299412524944,0.5586467658036525,0.8294056854502019,0.8660254037844386,0.5000000000000001,1,0,0,0,4.0958333,0.0,13.238261,32148.193
2224,2025-02-02,,1110140,2025,2,2,6,5,-2.4492935982947064e-16,1.0,0.3943558551133185,0.9189578116202306,0.5586467658036525,0.8294056854502019,0.8660254037844386,0.5000000000000001,1,0,0,0,4.1125,0.0,12.931218,32373.527
2225,2025-02-03,,1081767,2025,2,3,0,6,0.0,1.0,0.5712682150947923,0.8207634412072763,0.6528221181905216,0.7575112421616201,0.8660254037844386,0.5000000000000001,0,0,0,0,6.4291663,0.0,16.932442,32601.701
2226,2025-02-04,,1118102,2025,2,4,1,6,0.8660254037844386,0.5000000000000001,0.72479278722912,0.6889669190756866,0.6528221181905216,0.7575112421616201,0.8660254037844386,0.5000000000000001,0,0,0,0,7.5208335,1.3000001,25.071098,32832.434
2227,2025-02-05,,1114069,2025,2,5,2,6,0.8660254037844387,-0.4999999999999998,0.8486442574947509,0.5289640103269624,0.6528221181905216,0.7575112421616201,0.8660254037844386,0.5000000000000001,0,0,0,0,4.339583,0.3,17.932371,33065.434
2228,2025-02-06,,1125903,2025,2,6,3,6,1.2246467991473532e-16,-1.0,0.9377521321470804,0.3473052528448203,0.6528221181905216,0.7575112421616201,0.8660254037844386,0.5000000000000001,0,0,0,0,1.4416666,0.0,9.473541,33300.438
2229,2025-02-07,,1111614,2025,2,7,4,6,-0.8660254037844385,-0.5000000000000004,0.9884683243281114,0.1514277775045767,0.6528221181905216,0.7575112421616201,0.8660254037844386,0.5000000000000001,0,0,0,0,2.6062498,1.9000001,24.248613,33537.176
2230,2025-02-08,,1091980,2025,2,8,5,6,-0.8660254037844386,0.5000000000000001,0.9987165071710528,-0.0506491688387126,0.6528221181905216,0.7575112421616201,0.8660254037844386,0.5000000000000001,1,0,0,0,2.3687499,1.6000001,17.22742,33775.387
2231,2025-02-09,,1066937,2025,2,9,6,6,-2.4492935982947064e-16,1.0,0.9680771188662044,-0.2506525322587204,0.6528221181905216,0.7575112421616201,0.8660254037844386,0.5000000000000001,1,0,0,0,4.1458335,1.5000001,20.767975,34014.824
2232,2025-02-10,,1069974,2025,2,10,0,7,0.0,1.0,0.8978045395707416,-0.4403941515576344,0.7378332790417274,0.6749830015182106,0.8660254037844386,0.5000000000000001,0,0,0,0,2.8145835,3.2000003,20.737532,34255.246
2233,2025-02-11,,1111068,2025,2,11,1,7,0.8660254037844386,0.5000000000000001,0.7907757369376989,-0.6121059825476626,0.7378332790417274,0.6749830015182106,0.8660254037844386,0.5000000000000001,0,0,0,0,3.0645835,1.5000001,18.108572,34496.42
2234,2025-02-12,,1102172,2025,2,12,2,7,0.8660254037844387,-0.4999999999999998,0.6513724827222223,-0.758758122692791,0.7378332790417274,0.6749830015182106,0.8660254037844386,0.5000000000000001,0,0,0,0,3.3145828,0.6,16.824945,34738.11
2235,2025-02-13,,1108694,2025,2,13,3,7,1.2246467991473532e-16,-1.0,0.485301962531081,-0.8743466161445821,0.7378332790417274,0.6749830015182106,0.8660254037844386,0.5000000000000001,0,0,0,0,2.0125,0.2,14.6254835,34980.098
2236,2025-02-14,,1083323,2025,2,14,4,7,-0.8660254037844385,-0.5000000000000004,0.299363122973358,-0.9541392564000488,0.7378332790417274,0.6749830015182106,0.8660254037844386,0.5000000000000001,0,0,0,0,1.6249999,0.1,19.64228,35222.164
2237,2025-02-15,,1080095,2025,2,15,5,7,-0.8660254037844386,0.5000000000000001,0.1011683219874327,-0.994869323391895,0.7378332790417274,0.6749830015182106,0.8660254037844386,0.5000000000000001,1,0,0,0,1.5395833,0.4,11.612441,35464.094
2238,2025-02-16,910161.0,1022961,2025,2,16,6,7,-2.4492935982947064e-16,1.0,-0.101168321987432,-0.9948693233918952,0.7378332790417274,0.6749830015182106,0.8660254037844386,0.5000000000000001,1,0,0,0,1.5791669,1.6000003,18.466455,35706.08
2239,2025-02-17,,1052815,2025,2,17,0,8,0.0,1.0,-0.2993631229733582,-0.9541392564000488,0.8124868780056813,0.5829794791144721,0.8660254037844386,0.5000000000000001,0,0,1,0,0.67916673,0.0,17.703253,35950.27
2240,2025-02-18,,1088689,2025,2,18,1,8,0.8660254037844386,0.5000000000000001,-0.4853019625310808,-0.8743466161445822,0.8124868780056813,0.5829794791144721,0.8660254037844386,0.5000000000000001,0,0,1,0,0.6145833,0.0,16.431347,36196.832
2241,2025-02-19,,1090796,2025,2,19,2,8,0.8660254037844387,-0.4999999999999998,-0.651372482722222,-0.7587581226927911,0.8124868780056813,0.5829794791144721,0.8660254037844386,0.5000000000000001,0,0,1,0,1.7520833,1.4000001,15.531193,36445.51
2242,2025-02-20,,1088590,2025,2,20,3,8,1.2246467991473532e-16,-1.0,-0.7907757369376986,-0.6121059825476627,0.8124868780056813,0.5829794791144721,0.8660254037844386,0.5000000000000001,0,0,1,0,10.4125,5.200001,28.98503,36696.094
2243,2025-02-21,,1058920,2025,2,21,4,8,-0.8660254037844385,-0.5000000000000004,-0.8978045395707417,-0.4403941515576342,0.8124868780056813,0.5829794791144721,0.8660254037844386,0.5000000000000001,0,0,1,0,11.266667,1.2,28.644894,36948.355
2244,2025-02-22,,1044993,2025,2,22,5,8,-0.8660254037844386,0.5000000000000001,-0.968077118866204,-0.2506525322587213,0.8124868780056813,0.5829794791144721,0.8660254037844386,0.5000000000000001,1,0,0,0,8.462501,0.0,20.04476,37202.066
2245,2025-02-23,,1007215,2025,2,23,6,8,-2.4492935982947064e-16,1.0,-0.9987165071710528,-0.0506491688387135,0.8124868780056813,0.5829794791144721,0.8660254037844386,0.5000000000000001,1,0,0,0,8.474999,11.400001,34.937157,37457.03
2246,2025-02-24,,1034047,2025,2,24,0,9,0.0,1.0,-0.9884683243281114,0.1514277775045766,0.8757349421956369,0.4827922027307448,0.8660254037844386,0.5000000000000001,0,0,0,0,8.658334,0.8,24.048027,37713.03
2247,2025-02-25,,1051460,2025,2,25,1,9,0.8660254037844386,0.5000000000000001,-0.9377521321470804,0.3473052528448203,0.8757349421956369,0.4827922027307448,0.8660254037844386,0.5000000000000001,0,0,0,0,5.6437497,0.0,21.38897,37969.87
2248,2025-02-26,,1077137,2025,2,26,2,9,0.8660254037844387,-0.4999999999999998,-0.8486442574947509,0.5289640103269624,0.8757349421956369,0.4827922027307448,0.8660254037844386,0.5000000000000001,0,0,0,0,4.1270833,1.5000001,14.918297,38227.36
2249,2025-02-27,,1065663,2025,2,27,3,9,1.2246467991473532e-16,-1.0,-0.72479278722912,0.6889669190756865,0.8757349421956369,0.4827922027307448,0.8660254037844386,0.5000000000000001,0,0,0,0,4.0499997,0.0,15.130711,38485.293
2250,2025-02-28,,1026017,2025,2,28,4,9,-0.8660254037844385,-0.5000000000000004,-0.5712682150947924,0.8207634412072763,0.8757349421956369,0.4827922027307448,0.8660254037844386,0.5000000000000001,0,0,0,0,3.4958334,0.0,9.059205,38743.49
2251,2025-03-01,938236.0,1023823,2025,3,1,5,9,-0.8660254037844386,0.5000000000000001,0.20129852008866,0.9795299412524944,0.8757349421956369,0.4827922027307448,1.0,6.123233995736766e-17,1,0,0,0,4.1708336,0.0,11.897714,39001.76
2252,2025-03-02,885531.0,975799,2025,3,2,6,9,-2.4492935982947064e-16,1.0,0.3943558551133185,0.9189578116202306,0.8757349421956369,0.4827922027307448,1.0,6.123233995736766e-17,1,0,0,0,5.3062496,0.0,14.915039,39259.93
2253,2025-03-03,955208.0,1012012,2025,3,3,0,10,0.0,1.0,0.5712682150947923,0.8207634412072763,0.9266896074318334,0.3758275821142382,1.0,6.123233995736766e-17,0,0,0,0,6.7437496,0.0,18.0,39517.81
2254,2025-03-04,941037.0,1021007,2025,3,4,1,10,0.8660254037844386,0.5000000000000001,0.72479278722912,0.6889669190756866,0.9266896074318334,0.3758275821142382,1.0,6.123233995736766e-17,0,0,0,0,6.472917,0.0,18.144321,39775.227
2255,2025-03-05,906100.0,1034523,2025,3,5,2,10,0.8660254037844387,-0.4999999999999998,0.8486442574947509,0.5289640103269624,0.9266896074318334,0.3758275821142382,1.0,6.123233995736766e-17,0,0,0,0,6.993749,0.0,19.488274,40032.01
2256,2025-03-06,973416.0,1036802,2025,3,6,3,10,1.2246467991473532e-16,-1.0,0.9377521321470804,0.3473052528448203,0.9266896074318334,0.3758275821142382,1.0,6.123233995736766e-17,0,0,0,0,9.8,3.6,16.50218,40287.977
2257,2025-03-07,949956.0,997296,2025,3,7,4,10,-0.8660254037844385,-0.5000000000000004,0.9884683243281114,0.1514277775045767,0.9266896074318334,0.3758275821142382,1.0,6.123233995736766e-17,0,0,0,0,10.5125,1.2,12.991212,40542.965
2258,2025-03-08,873314.0,984358,2025,3,8,5,10,-0.8660254037844386,0.5000000000000001,0.9987165071710528,-0.0506491688387126,0.9266896074318334,0.3758275821142382,1.0,6.123233995736766e-17,1,0,0,0,9.83125,3.5,12.016938,40797.145
2259,2025-03-09,823424.0,939485,2025,3,9,6,10,-2.4492935982947064e-16,1.0,0.9680771188662044,-0.2506525322587204,0.9266896074318334,0.3758275821142382,1.0,6.123233995736766e-17,1,0,0,0,7.860418,0.0,8.55142,41052.477
2260,2025-03-10,863819.0,977893,2025,3,10,0,11,0.0,1.0,0.8978045395707416,-0.4403941515576344,0.9646355819083586,0.2635871660690678,1.0,6.123233995736766e-17,0,0,0,0,5.789583,0.0,24.472057,41309.15
2261,2025-03-11,898641.0,993484,2025,3,11,1,11,0.8660254037844386,0.5000000000000001,0.7907757369376989,-0.6121059825476626,0.9646355819083586,0.2635871660690678,1.0,6.123233995736766e-17,0,0,0,0,4.1645837,0.0,16.601036,41566.99
2262,2025-03-12,880577.0,993826,2025,3,12,2,11,0.8660254037844387,-0.4999999999999998,0.6513724827222223,-0.758758122692791,0.9646355819083586,0.2635871660690678,1.0,6.123233995736766e-17,0,0,0,0,3.3458335,1.3000001,20.343185,41825.84
2263,2025-03-13,852285.0,994048,2025,3,13,3,11,1.2246467991473532e-16,-1.0,0.485301962531081,-0.8743466161445821,0.9646355819083586,0.2635871660690678,1.0,6.123233995736766e-17,0,0,0,0,3.0354168,1.0,22.751316,42085.55
2264,2025-03-14,901254.0,969341,2025,3,14,4,11,-0.8660254037844385,-0.5000000000000004,0.299363122973358,-0.9541392564000488,0.9646355819083586,0.2635871660690678,1.0,6.123233995736766e-17,0,0,0,0,3.502083,1.0,15.844089,42345.96
2265,2025-03-15,871071.0,951635,2025,3,15,5,11,-0.8660254037844386,0.5000000000000001,0.1011683219874327,-0.994869323391895,0.9646355819083586,0.2635871660690678,1.0,6.123233995736766e-17,1,0,0,0,3.25,0.0,9.565437,42606.918
2266,2025-03-16,865989.0,903411,2025,3,16,6,11,-2.4492935982947064e-16,1.0,-0.101168321987432,-0.9948693233918952,0.9646355819083586,0.2635871660690678,1.0,6.123233995736766e-17,1,0,0,0,3.7458334,0.6,14.941085,42868.266
2267,2025-03-17,892678.0,948550,2025,3,17,0,12,0.0,1.0,-0.2993631229733582,-0.9541392564000488,0.989040187322164,0.1476465640024812,1.0,6.123233995736766e-17,0,0,0,0,4.4500003,0.4,17.046865,43129.85
2268,2025-03-18,916345.0,960562,2025,3,18,1,12,0.8660254037844386,0.5000000000000001,-0.4853019625310808,-0.8743466161445822,0.989040187322164,0.1476465640024812,1.0,6.123233995736766e-17,0,0,0,0,3.3333337,0.0,15.188415,43391.53
2269,2025-03-19,887402.0,959130,2025,3,19,2,12,0.8660254037844387,-0.4999999999999998,-0.651372482722222,-0.7587581226927911,0.989040187322164,0.1476465640024812,1.0,6.123233995736766e-17,0,0,0,0,3.9624999,0.0,6.1305785,43653.14
2270,2025-03-20,881541.0,961071,2025,3,20,3,12,1.2246467991473532e-16,-1.0,-0.7907757369376986,-0.6121059825476627,0.989040187322164,0.1476465640024812,1.0,6.123233995736766e-17,0,0,0,0,7.9666667,0.0,11.272657,43914.54
2271,2025-03-21,890662.0,951343,2025,3,21,4,12,-0.8660254037844385,-0.5000000000000004,-0.8978045395707417,-0.4403941515576342,0.989040187322164,0.1476465640024812,1.0,6.123233995736766e-17,0,0,0,0,8.7375,0.1,16.923828,44175.57
2272,2025-03-22,913859.0,947409,2025,3,22,5,12,-0.8660254037844386,0.5000000000000001,-0.968077118866204,-0.2506525322587213,0.989040187322164,0.1476465640024812,1.0,6.123233995736766e-17,1,0,0,0,10.050001,4.8,11.9466305,44436.086
2273,2025-03-23,868786.0,895290,2025,3,23,6,12,-2.4492935982947064e-16,1.0,-0.9987165071710528,-0.0506491688387135,0.989040187322164,0.1476465640024812,1.0,6.123233995736766e-17,1,0,0,0,7.4125004,1.2,17.630812,44695.926
2274,2025-03-24,845044.0,935860,2025,3,24,0,13,0.0,1.0,-0.9884683243281114,0.1514277775045766,0.9995608365087943,0.0296333278225596,1.0,6.123233995736766e-17,0,0,0,0,6.8354163,0.0,16.740969,44954.934
2275,2025-03-25,837925.0,941725,2025,3,25,1,13,0.8660254037844386,0.5000000000000001,-0.9377521321470804,0.3473052528448203,0.9995608365087943,0.0296333278225596,1.0,6.123233995736766e-17,0,0,0,0,9.35625,0.0,20.349554,45212.96
2276,2025-03-26,885492.0,942939,2025,3,26,2,13,0.8660254037844387,-0.4999999999999998,-0.8486442574947509,0.5289640103269624,0.9995608365087943,0.0296333278225596,1.0,6.123233995736766e-17,0,0,0,0,8.060416,0.0,13.6242285,45469.84
2277,2025-03-27,896765.0,950101,2025,3,27,3,13,1.2246467991473532e-16,-1.0,-0.72479278722912,0.6889669190756865,0.9995608365087943,0.0296333278225596,1.0,6.123233995736766e-17,0,0,0,0,10.431251,0.5,23.30913,45725.42
2278,2025-03-28,877125.0,939509,2025,3,28,4,13,-0.8660254037844385,-0.5000000000000004,-0.5712682150947924,0.8207634412072763,0.9995608365087943,0.0296333278225596,1.0,6.123233995736766e-17,0,0,0,0,7.5333343,3.1,25.790928,45979.855
2279,2025-03-29,882264.0,931113,2025,3,29,5,13,-0.8660254037844386,0.5000000000000001,-0.3943558551133187,0.9189578116202306,0.9995608365087943,0.0296333278225596,1.0,6.123233995736766e-17,1,0,0,0,7.5020833,0.90000004,36.90044,46234.953
2280,2025-03-30,904485.0,890851,2025,3,30,6,13,-2.4492935982947064e-16,1.0,-0.2012985200886611,0.9795299412524944,0.9995608365087943,0.0296333278225596,1.0,6.123233995736766e-17,1,0,0,0,9.239583,0.0,31.508224,46490.902
2281,2025-03-31,894441.0,920380,2025,3,31,0,14,0.0,1.0,-2.4492935982947064e-16,1.0,0.9960498426152168,-0.0887958953229347,1.0,6.123233995736766e-17,0,0,0,0,9.516667,0.2,7.9077177,46747.555
2282,2025-04-01,869615.0,920726,2025,4,1,1,14,0.8660254037844386,0.5000000000000001,0.20129852008866,0.9795299412524944,0.9960498426152168,-0.0887958953229347,0.8660254037844387,-0.4999999999999998,0,0,0,0,7.4104156,0.0,17.194475,47004.77
2283,2025-04-02,891816.0,923664,2025,4,2,2,14,0.8660254037844387,-0.4999999999999998,0.3943558551133185,0.9189578116202306,0.9960498426152168,-0.0887958953229347,0.8660254037844387,-0.4999999999999998,0,0,0,0,7.254167,0.0,18.382044,47262.41
2284,2025-04-03,938452.0,936212,2025,4,3,3,14,1.2246467991473532e-16,-1.0,0.5712682150947923,0.8207634412072763,0.9960498426152168,-0.0887958953229347,0.8660254037844387,-0.4999999999999998,0,0,0,0,8.516667,0.0,18.687086,47520.33
2285,2025-04-04,850697.0,917752,2025,4,4,4,14,-0.8660254037844385,-0.5000000000000004,0.72479278722912,0.6889669190756866,0.9960498426152168,-0.0887958953229347,0.8660254037844387,-0.4999999999999998,0,0,0,0,8.518749,0.0,18.832165,47778.375
2286,2025-04-05,895840.0,913412,2025,4,5,5,14,-0.8660254037844386,0.5000000000000001,0.8486442574947509,0.5289640103269624,0.9960498426152168,-0.0887958953229347,0.8660254037844387,-0.4999999999999998,1,0,0,0,6.8312497,0.0,18.723461,48036.402
2287,2025-04-06,1037237.0,909005,2025,4,6,6,14,-2.4492935982947064e-16,1.0,0.9377521321470804,0.3473052528448203,0.9960498426152168,-0.0887958953229347,0.8660254037844387,-0.4999999999999998,1,0,0,0,6.6562505,0.0,12.605142,48294.258
2288,2025-04-07,509377.0,851380,2025,4,7,0,15,0.0,1.0,0.9884683243281114,0.1514277775045767,0.978556492299504,-0.2059786187410982,0.8660254037844387,-0.4999999999999998,0,0,1,0,6.295833,0.0,8.2584505,48551.797
2289,2025-04-08,1035769.0,931283,2025,4,8,1,15,0.8660254037844386,0.5000000000000001,0.9987165071710528,-0.0506491688387126,0.978556492299504,-0.2059786187410982,0.8660254037844387,-0.4999999999999998,0,0,1,0,7.2625003,0.0,5.0816135,48808.85
2290,2025-04-09,966362.0,915888,2025,4,9,2,15,0.8660254037844387,-0.4999999999999998,0.9680771188662044,-0.2506525322587204,0.978556492299504,-0.2059786187410982,0.8660254037844387,-0.4999999999999998,0,0,1,0,6.6229157,0.0,13.83192,49065.26
2291,2025-04-10,1018695.0,942258,2025,4,10,3,15,1.2246467991473532e-16,-1.0,0.8978045395707416,-0.4403941515576344,0.978556492299504,-0.2059786187410982,0.8660254037844387,-0.4999999999999998,0,0,1,0,9.691667,0.0,14.810401,49320.87
2292,2025-04-11,1042397.0,929496,2025,4,11,4,15,-0.8660254037844385,-0.5000000000000004,0.7907757369376989,-0.6121059825476626,0.978556492299504,-0.2059786187410982,0.8660254037844387,-0.4999999999999998,0,0,1,0,13.352082,0.0,14.401124,49575.508
2293,2025-04-12,1004722.0,911329,2025,4,12,5,15,-0.8660254037844386,0.5000000000000001,0.6513724827222223,-0.758758122692791,0.978556492299504,-0.2059786187410982,0.8660254037844387,-0.4999999999999998,1,0,1,0,13.024998,0.0,17.035456,49828.996
2294,2025-04-13,909111.0,899223,2025,4,13,6,15,-2.4492935982947064e-16,1.0,0.485301962531081,-0.8743466161445821,0.978556492299504,-0.2059786187410982,0.8660254037844387,-0.4999999999999998,1,0,1,0,9.59375,0.1,18.079027,50081.164
2295,2025-04-14,942737.0,843329,2025,4,14,0,16,0.0,1.0,0.299363122973358,-0.9541392564000488,0.9473263538541914,-0.3202698538628376,0.8660254037844387,-0.4999999999999998,0,0,1,0,9.6125,0.6,25.129185,50331.83
2296,2025-04-15,954441.0,921968,2025,4,15,1,16,0.8660254037844386,0.5000000000000001,0.1011683219874327,-0.994869323391895,0.9473263538541914,-0.3202698538628376,0.8660254037844387,-0.4999999999999998,0,0,1,0,9.483333,0.5,10.685391,50580.8
2297,2025-04-16,913600.0,904478,2025,4,16,2,16,0.8660254037844387,-0.4999999999999998,-0.101168321987432,-0.9948693233918952,0.9473263538541914,-0.3202698538628376,0.8660254037844387,-0.4999999999999998,0,0,1,0,7.3354163,2.7999995,31.641623,50827.883
2298,2025-04-17,1037340.0,942642,2025,4,17,3,16,1.2246467991473532e-16,-1.0,-0.2993631229733582,-0.9541392564000488,0.9473263538541914,-0.3202698538628376,0.8660254037844387,-0.4999999999999998,0,0,1,0,9.264582,0.0,17.311846,51073.22
2299,2025-04-18,986709.0,928400,2025,4,18,4,16,-0.8660254037844385,-0.5000000000000004,-0.4853019625310808,-0.8743466161445822,0.9473263538541914,-0.3202698538628376,0.8660254037844387,-0.4999999999999998,0,1,1,0,9.395833,1.8000001,18.978693,51318.58
2300,2025-04-19,999559.0,920090,2025,4,19,5,16,-0.8660254037844386,0.5000000000000001,-0.651372482722222,-0.7587581226927911,0.9473263538541914,-0.3202698538628376,0.8660254037844387,-0.4999999999999998,1,0,0,0,8.937501,0.0,19.866161,51564.14
2301,2025-04-20,1043771.0,921829,2025,4,20,6,16,-2.4492935982947064e-16,1.0,-0.7907757369376986,-0.6121059825476627,0.9473263538541914,-0.3202698538628376,0.8660254037844387,-0.4999999999999998,1,0,0,0,8.460417,0.0,11.928989,51809.73
2302,2025-04-21,1061467.0,858509,2025,4,21,0,17,0.0,1.0,-0.8978045395707417,-0.4403941515576342,0.9027978299657434,-0.4300652022765205,0.8660254037844387,-0.4999999999999998,0,1,0,0,8.15,2.3000002,10.837435,52055.203
2303,2025-04-22,1112140.0,946411,2025,4,22,1,17,0.8660254037844386,0.5000000000000001,-0.968077118866204,-0.2506525322587213,0.9027978299657434,-0.4300652022765205,0.8660254037844387,-0.4999999999999998,0,0,0,0,10.5125,0.4,11.712454,52300.38
2304,2025-04-23,1053060.0,925472,2025,4,23,2,17,0.8660254037844387,-0.4999999999999998,-0.9987165071710528,-0.0506491688387135,0.9027978299657434,-0.4300652022765205,0.8660254037844387,-0.4999999999999998,0,0,0,0,10.389584,0.4,14.773164,52545.09
2305,2025-04-24,1054454.0,954219,2025,4,24,3,17,1.2246467991473532e-16,-1.0,-0.9884683243281114,0.1514277775045766,0.9027978299657434,-0.4300652022765205,0.8660254037844387,-0.4999999999999998,0,0,0,0,8.8625,0.0,9.600937,52789.156
2306,2025-04-25,1104893.0,950534,2025,4,25,4,17,-0.8660254037844385,-0.5000000000000004,-0.9377521321470804,0.3473052528448203,0.9027978299657434,-0.4300652022765205,0.8660254037844387,-0.4999999999999998,0,0,0,0,9.083333,0.0,12.830604,53032.39
2307,2025-04-26,1000615.0,938276,2025,4,26,5,17,-0.8660254037844386,0.5000000000000001,-0.8486442574947509,0.5289640103269624,0.9027978299657434,-0.4300652022765205,0.8660254037844387,-0.4999999999999998,1,0,0,0,10.225,0.1,10.805999,53274.61
2308,2025-04-27,1045788.0,953595,2025,4,27,6,17,-2.4492935982947064e-16,1.0,-0.72479278722912,0.6889669190756865,0.9027978299657434,-0.4300652022765205,0.8660254037844387,-0.4999999999999998,1,0,0,0,13.547917,0.0,16.199999,53515.617
2309,2025-04-28,996450.0,877456,2025,4,28,0,18,0.0,1.0,-0.5712682150947924,0.8207634412072763,0.8455960035018261,-0.5338233779647907,0.8660254037844387,-0.4999999999999998,0,0,0,0,14.183333,0.0,10.8015,53755.21
2310,2025-04-29,1096553.0,974684,2025,4,29,1,18,0.8660254037844386,0.5000000000000001,-0.3943558551133187,0.9189578116202306,0.8455960035018261,-0.5338233779647907,0.8660254037844387,-0.4999999999999998,0,0,0,0,17.097918,0.0,12.0694,53993.18
2311,2025-04-30,1003125.0,942979,2025,4,30,2,18,0.8660254037844387,-0.4999999999999998,-0.2012985200886611,0.9795299412524944,0.8455960035018261,-0.5338233779647907,0.8660254037844387,-0.4999999999999998,0,0,0,0,18.435415,0.0,7.970972,54229.32
2312,2025-05-01,1029637.0,979555,2025,5,1,3,18,1.2246467991473532e-16,-1.0,0.20129852008866,0.9795299412524944,0.8455960035018261,-0.5338233779647907,0.4999999999999999,-0.8660254037844387,0,0,0,0,17.891668,0.0,15.876775,54463.395
2313,2025-05-02,1059225.0,973101,2025,5,2,4,18,-0.8660254037844385,-0.5000000000000004,0.3943558551133185,0.9189578116202306,0.8455960035018261,-0.5338233779647907,0.4999999999999999,-0.8660254037844387,0,0,0,0,13.133334,0.0,11.39842,54695.18
2314,2025-05-03,1049656.0,963788,2025,5,3,5,18,-0.8660254037844386,0.5000000000000001,0.5712682150947923,0.8207634412072763,0.8455960035018261,-0.5338233779647907,0.4999999999999999,-0.8660254037844387,1,0,0,0,11.010417,0.2,17.64551,54924.45
2315,2025-05-04,1077548.0,983818,2025,5,4,6,18,-2.4492935982947064e-16,1.0,0.72479278722912,0.6889669190756866,0.8455960035018261,-0.5338233779647907,0.4999999999999999,-0.8660254037844387,1,0,0,0,7.839584,0.5,19.639805,55150.95
2316,2025-05-05,1071391.0,902987,2025,5,5,0,19,0.0,1.0,0.8486442574947509,0.5289640103269624,0.7765238627180424,-0.630087843581711,0.4999999999999999,-0.8660254037844387,0,1,0,0,8.172917,0.5,19.222954,55374.426
2317,2025-05-06,1109578.0,1002289,2025,5,6,1,19,0.8660254037844386,0.5000000000000001,0.9377521321470804,0.3473052528448203,0.7765238627180424,-0.630087843581711,0.4999999999999999,-0.8660254037844387,0,0,0,0,10.016666,0.0,10.630672,55594.617
2318,2025-05-07,1043026.0,965211,2025,5,7,2,19,0.8660254037844387,-0.4999999999999998,0.9884683243281114,0.1514277775045767,0.7765238627180424,-0.630087843581711,0.4999999999999999,-0.8660254037844387,0,0,0,0,10.560418,0.0,15.518672,55811.59
2319,2025-05-08,1090616.0,1009423,2025,5,8,3,19,1.2246467991473532e-16,-1.0,0.9987165071710528,-0.0506491688387126,0.7765238627180424,-0.630087843581711,0.4999999999999999,-0.8660254037844387,0,0,0,0,9.939584,0.0,12.061343,56027.03
2320,2025-05-09,1113360.0,1004915,2025,5,9,4,19,-0.8660254037844385,-0.5000000000000004,0.9680771188662044,-0.2506525322587204,0.7765238627180424,-0.630087843581711,0.4999999999999999,-0.8660254037844387,0,0,0,0,12.139584,0.0,10.825469,56241.082
2321,2025-05-10,1150276.0,997562,2025,5,10,5,19,-0.8660254037844386,0.5000000000000001,0.8978045395707416,-0.4403941515576344,0.7765238627180424,-0.630087843581711,0.4999999999999999,-0.8660254037844387,1,0,0,0,14.516666,0.0,17.050665,56453.547
2322,2025-05-11,1025250.0,1006170,2025,5,11,6,19,-2.4492935982947064e-16,1.0,0.7907757369376989,-0.6121059825476626,0.7765238627180424,-0.630087843581711,0.4999999999999999,-0.8660254037844387,1,0,0,0,14.75,0.0,16.204998,56664.21
2323,2025-05-12,1097145.0,939001,2025,5,12,0,20,0.0,1.0,0.6513724827222223,-0.758758122692791,0.6965510290629972,-0.717507257044331,0.4999999999999999,-0.8660254037844387,0,0,0,0,15.8166685,0.0,18.367939,56872.9
2324,2025-05-13,1070706.0,1035543,2025,5,13,1,20,0.8660254037844386,0.5000000000000001,0.485301962531081,-0.8743466161445821,0.6965510290629972,-0.717507257044331,0.4999999999999999,-0.8660254037844387,0,0,0,0,14.474998,0.0,16.22498,57079.367
2325,2025-05-14,1061512.0,990357,2025,5,14,2,20,0.8660254037844387,-0.4999999999999998,0.299363122973358,-0.9541392564000488,0.6965510290629972,-0.717507257044331,0.4999999999999999,-0.8660254037844387,0,0,0,0,12.052085,0.0,16.309628,57283.42
2326,2025-05-15,1057895.0,1032441,2025,5,15,3,20,1.2246467991473532e-16,-1.0,0.1011683219874327,-0.994869323391895,0.6965510290629972,-0.717507257044331,0.4999999999999999,-0.8660254037844387,0,0,0,0,11.135417,0.0,18.872551,57484.824
2327,2025-05-16,1085382.0,1034666,2025,5,16,4,20,-0.8660254037844385,-0.5000000000000004,-0.101168321987432,-0.9948693233918952,0.6965510290629972,-0.717507257044331,0.4999999999999999,-0.8660254037844387,0,0,0,0,11.9875,0.0,15.553083,57683.344
2328,2025-05-17,1069269.0,1024277,2025,5,17,5,20,-0.8660254037844386,0.5000000000000001,-0.2993631229733582,-0.9541392564000488,0.6965510290629972,-0.717507257044331,0.4999999999999999,-0.8660254037844387,1,0,0,0,12.881249,0.2,16.833609,57878.758
2329,2025-05-18,1037957.0,1025237,2025,5,18,6,20,-2.4492935982947064e-16,1.0,-0.4853019625310808,-0.8743466161445822,0.6965510290629972,-0.717507257044331,0.4999999999999999,-0.8660254037844387,1,0,0,0,11.502084,0.0,17.682194,58070.797
2330,2025-05-19,1043276.0,960263,2025,5,19,0,21,0.0,1.0,-0.651372482722222,-0.7587581226927911,0.6068001458185932,-0.7948544414133534,0.4999999999999999,-0.8660254037844387,0,0,0,0,12.347916,0.6,12.710091,58259.223
2331,2025-05-20,1053965.0,1061879,2025,5,20,1,21,0.8660254037844386,0.5000000000000001,-0.7907757369376986,-0.6121059825476627,0.6068001458185932,-0.7948544414133534,0.4999999999999999,-0.8660254037844387,0,0,0,0,13.877084,0.0,10.99769,58443.77
2332,2025-05-21,,1006781,2025,5,21,2,21,0.8660254037844387,-0.4999999999999998,-0.8978045395707417,-0.4403941515576342,0.6068001458185932,-0.7948544414133534,0.4999999999999999,-0.8660254037844387,0,0,0,0,12.841667,0.0,13.203954,58624.17
2333,2025-05-22,,1048106,2025,5,22,3,21,1.2246467991473532e-16,-1.0,-0.968077118866204,-0.2506525322587213,0.6068001458185932,-0.7948544414133534,0.4999999999999999,-0.8660254037844387,0,0,0,0,10.164582,0.2,14.539945,58800.176
2334,2025-05-23,,1065328,2025,5,23,4,21,-0.8660254037844385,-0.5000000000000004,-0.9987165071710528,-0.0506491688387135,0.6068001458185932,-0.7948544414133534,0.4999999999999999,-0.8660254037844387,0,0,0,0,11.943748,1.4000001,16.940096,58971.484
2335,2025-05-24,,1045683,2025,5,24,5,21,-0.8660254037844386,0.5000000000000001,-0.9884683243281114,0.1514277775045766,0.6068001458185932,-0.7948544414133534,0.4999999999999999,-0.8660254037844387,1,0,0,0,14.925,5.5,24.923338,59137.824
2336,2025-05-25,,1023238,2025,5,25,6,21,-2.4492935982947064e-16,1.0,-0.9377521321470804,0.3473052528448203,0.6068001458185932,-0.7948544414133534,0.4999999999999999,-0.8660254037844387,1,0,0,0,12.633336,1.3000002,30.317043,59298.9
2337,2025-05-26,,1035411,2025,5,26,0,22,0.0,1.0,-0.8486442574947509,0.5289640103269624,0.5085311186492207,-0.8610436117673553,0.4999999999999999,-0.8660254037844387,0,1,1,0,11.241665,11.8,28.385834,59454.42
2338,2025-05-27,,1066231,2025,5,27,1,22,0.8660254037844386,0.5000000000000001,-0.72479278722912,0.6889669190756865,0.5085311186492207,-0.8610436117673553,0.4999999999999999,-0.8660254037844387,0,0,1,0,11.495833,3.5,26.980793,59604.35
2339,2025-05-28,,1017084,2025,5,28,2,22,0.8660254037844387,-0.4999999999999998,-0.5712682150947924,0.8207634412072763,0.5085311186492207,-0.8610436117673553,0.4999999999999999,-0.8660254037844387,0,0,1,0,12.272916,0.4,17.462784,59749.902
2340,2025-05-29,,1053266,2025,5,29,3,22,1.2246467991473532e-16,-1.0,-0.3943558551133187,0.9189578116202306,0.5085311186492207,-0.8610436117673553,0.4999999999999999,-0.8660254037844387,0,0,1,0,14.877084,9.500001,26.055895,59891.152
2341,2025-05-30,,1064518,2025,5,30,4,22,-0.8660254037844385,-0.5000000000000004,-0.2012985200886611,0.9795299412524944,0.5085311186492207,-0.8610436117673553,0.4999999999999999,-0.8660254037844387,0,0,1,0,15.977084,1.2,23.219301,60027.93
2342,2025-05-31,,1046773,2025,5,31,5,22,-0.8660254037844386,0.5000000000000001,-2.4492935982947064e-16,1.0,0.5085311186492207,-0.8610436117673553,0.4999999999999999,-0.8660254037844387,1,0,0,0,16.066664,0.5,22.277134,60160.062
2343,2025-06-01,,1024365,2025,6,1,6,22,-2.4492935982947064e-16,1.0,0.20129852008866,0.9795299412524944,0.5085311186492207,-0.8610436117673553,1.2246467991473532e-16,-1.0,1,0,0,0,12.929168,1.7000002,24.5817,60287.387
2344,2025-06-02,,1043446,2025,6,2,0,23,0.0,1.0,0.3943558551133185,0.9189578116202306,0.4031234292879726,-0.9151456172430182,1.2246467991473532e-16,-1.0,0,0,0,0,13.008332,0.1,22.629229,60409.7
2345,2025-06-03,,1080846,2025,6,3,1,23,0.8660254037844386,0.5000000000000001,0.5712682150947923,0.8207634412072763,0.4031234292879726,-0.9151456172430182,1.2246467991473532e-16,-1.0,0,0,0,0,12.181251,8.900002,28.963785,60526.855
2346,2025-06-04,979901.0,1031625,2025,6,4,2,23,0.8660254037844387,-0.4999999999999998,0.72479278722912,0.6889669190756866,0.4031234292879726,-0.9151456172430182,1.2246467991473532e-16,-1.0,0,0,0,0,11.595833,3.3,23.510508,60638.65
2347,2025-06-05,,1057393,2025,6,5,3,23,1.2246467991473532e-16,-1.0,0.8486442574947509,0.5289640103269624,0.4031234292879726,-0.9151456172430182,1.2246467991473532e-16,-1.0,0,0,0,0,12.327083,6.2,18.307865,60744.934
2348,2025-06-06,,1066250,2025,6,6,4,23,-0.8660254037844385,-0.5000000000000004,0.9377521321470804,0.3473052528448203,0.4031234292879726,-0.9151456172430182,1.2246467991473532e-16,-1.0,0,0,0,0,11.464584,5.899999,18.627172,60845.51
2349,2025-06-07,,1052321,2025,6,7,5,23,-0.8660254037844386,0.5000000000000001,0.9884683243281114,0.1514277775045767,0.4031234292879726,-0.9151456172430182,1.2246467991473532e-16,-1.0,1,0,0,0,10.981251,8.5,15.861461,60940.207
2350,2025-06-08,,1002465,2025,6,8,6,23,-2.4492935982947064e-16,1.0,0.9987165071710528,-0.0506491688387126,0.4031234292879726,-0.9151456172430182,1.2246467991473532e-16,-1.0,1,0,0,0,10.910416,1.2,21.675615,61028.86
2351,2025-06-09,,1024942,2025,6,9,0,24,0.0,1.0,0.9680771188662044,-0.2506525322587204,0.2920567706369759,-0.9564009842765224,1.2246467991473532e-16,-1.0,0,0,0,0,12.693749,7.1000004,23.979893,61111.293
2352,2025-06-10,,1056445,2025,6,10,1,24,0.8660254037844386,0.5000000000000001,0.8978045395707416,-0.4403941515576344,0.2920567706369759,-0.9564009842765224,1.2246467991473532e-16,-1.0,0,0,0,0,13.885415,1.5,27.905224,61187.324
2353,2025-06-11,,1028053,2025,6,11,2,24,0.8660254037844387,-0.4999999999999998,0.7907757369376989,-0.6121059825476626,0.2920567706369759,-0.9564009842765224,1.2246467991473532e-16,-1.0,0,0,0,0,16.179167,0.0,15.910412,61256.8
2354,2025-06-12,,1043803,2025,6,12,3,24,1.2246467991473532e-16,-1.0,0.6513724827222223,-0.758758122692791,0.2920567706369759,-0.9564009842765224,1.2246467991473532e-16,-1.0,0,0,0,0,16.8125,1.0,21.45627,61319.56
2355,2025-06-13,,1047493,2025,6,13,4,24,-0.8660254037844385,-0.5000000000000004,0.485301962531081,-0.8743466161445821,0.2920567706369759,-0.9564009842765224,1.2246467991473532e-16,-1.0,0,0,0,0,18.968752,2.0,18.59671,61375.43
2356,2025-06-14,,1044768,2025,6,14,5,24,-0.8660254037844386,0.5000000000000001,0.299363122973358,-0.9541392564000488,0.2920567706369759,-0.9564009842765224,1.2246467991473532e-16,-1.0,1,0,0,0,16.918753,6.1999993,24.518353,61424.258
2357,2025-06-15,,996235,2025,6,15,6,24,-2.4492935982947064e-16,1.0,0.1011683219874327,-0.994869323391895,0.2920567706369759,-0.9564009842765224,1.2246467991473532e-16,-1.0,1,0,0,0,15.545834,0.1,23.266697,61465.91
2358,2025-06-16,,1023382,2025,6,16,0,25,0.0,1.0,-0.101168321987432,-0.9948693233918952,0.1768902751225731,-0.9842305779475968,1.2246467991473532e-16,-1.0,0,0,0,0,18.112501,0.0,18.329092,61500.285
2359,2025-06-17,1026856.0,1033138,2025,6,17,1,25,0.8660254037844386,0.5000000000000001,-0.2993631229733582,-0.9541392564000488,0.1768902751225731,-0.9842305779475968,1.2246467991473532e-16,-1.0,0,0,0,0,16.856253,0.0,21.158232,61527.613
2360,2025-06-18,1056894.0,1033831,2025,6,18,2,25,0.8660254037844387,-0.4999999999999998,-0.4853019625310808,-0.8743466161445822,0.1768902751225731,-0.9842305779475968,1.2246467991473532e-16,-1.0,0,0,0,0,17.433334,0.0,13.403656,61547.965
2361,2025-06-19,1034529.0,1038773,2025,6,19,3,25,1.2246467991473532e-16,-1.0,-0.651372482722222,-0.7587581226927911,0.1768902751225731,-0.9842305779475968,1.2246467991473532e-16,-1.0,0,0,0,0,19.354166,0.0,14.372974,61561.383
2362,2025-06-20,1063359.0,1045986,2025,6,20,4,25,-0.8660254037844385,-0.5000000000000004,-0.7907757369376986,-0.6121059825476627,0.1768902751225731,-0.9842305779475968,1.2246467991473532e-16,-1.0,0,0,0,0,22.356249,0.0,15.281989,61567.87
2363,2025-06-21,1026016.0,1038827,2025,6,21,5,25,-0.8660254037844386,0.5000000000000001,-0.8978045395707417,-0.4403941515576342,0.1768902751225731,-0.9842305779475968,1.2246467991473532e-16,-1.0,1,0,0,0,22.689583,0.90000004,18.75631,61567.492
2364,2025-06-22,,982696,2025,6,22,6,25,-2.4492935982947064e-16,1.0,-0.968077118866204,-0.2506525322587213,0.1768902751225731,-0.9842305779475968,1.2246467991473532e-16,-1.0,1,0,0,0,16.810417,5.2,26.211487,61560.28
2365,2025-06-23,,1028227,2025,6,23,0,26,0.0,1.0,-0.9987165071710528,-0.0506491688387135,0.0592406278937141,-0.9982437317643216,1.2246467991473532e-16,-1.0,0,0,0,0,13.997916,1.1000001,29.88217,61546.297
2366,2025-06-24,,1020398,2025,6,24,1,26,0.8660254037844386,0.5000000000000001,-0.9884683243281114,0.1514277775045766,0.0592406278937141,-0.9982437317643216,1.2246467991473532e-16,-1.0,0,0,0,0,16.54375,4.3999996,28.337852,61525.58
2367,2025-06-25,,1032298,2025,6,25,2,26,0.8660254037844387,-0.4999999999999998,-0.9377521321470804,0.3473052528448203,0.0592406278937141,-0.9982437317643216,1.2246467991473532e-16,-1.0,0,0,0,0,17.78125,0.6,14.879153,61498.203
2368,2025-06-26,,1030133,2025,6,26,3,26,1.2246467991473532e-16,-1.0,-0.8486442574947509,0.5289640103269624,0.0592406278937141,-0.9982437317643216,1.2246467991473532e-16,-1.0,0,0,0,0,16.204165,3.7999997,26.66978,61464.25
2369,2025-06-27,,1034757,2025,6,27,4,26,-0.8660254037844385,-0.5000000000000004,-0.72479278722912,0.6889669190756865,0.0592406278937141,-0.9982437317643216,1.2246467991473532e-16,-1.0,0,0,0,0,17.6,0.4,24.770117,61423.766
2370,2025-06-28,,1020252,2025,6,28,5,26,-0.8660254037844386,0.5000000000000001,-0.5712682150947924,0.8207634412072763,0.0592406278937141,-0.9982437317643216,1.2246467991473532e-16,-1.0,1,0,0,0,19.962502,1.0,25.71733,61376.844
2371,2025-06-29,,981292,2025,6,29,6,26,-2.4492935982947064e-16,1.0,-0.3943558551133187,0.9189578116202306,0.0592406278937141,-0.9982437317643216,1.2246467991473532e-16,-1.0,1,0,0,0,19.05417,0.0,13.397612,61323.582
2372,2025-06-30,,1019116,2025,6,30,0,27,0.0,1.0,-0.2012985200886611,0.9795299412524944,-0.0592406278937138,-0.9982437317643216,1.2246467991473532e-16,-1.0,0,0,0,0,22.297918,0.3,16.454994,61264.043
2373,2025-07-01,,1018001,2025,7,1,1,27,0.8660254037844386,0.5000000000000001,0.20129852008866,0.9795299412524944,-0.0592406278937138,-0.9982437317643216,-0.4999999999999997,-0.8660254037844388,0,0,0,0,17.454166,3.3999999,14.517644,61198.332
2374,2025-07-02,,1030289,2025,7,2,2,27,0.8660254037844387,-0.4999999999999998,0.3943558551133185,0.9189578116202306,-0.0592406278937138,-0.9982437317643216,-0.4999999999999997,-0.8660254037844388,0,0,0,0,14.702083,4.2999997,26.405453,61126.55
2375,2025-07-03,,1030558,2025,7,3,3,27,1.2246467991473532e-16,-1.0,0.5712682150947923,0.8207634412072763,-0.0592406278937138,-0.9982437317643216,-0.4999999999999997,-0.8660254037844388,0,0,0,0,14.783332,0.0,17.548845,61048.785
2376,2025-07-04,,1026322,2025,7,4,4,27,-0.8660254037844385,-0.5000000000000004,0.72479278722912,0.6889669190756866,-0.0592406278937138,-0.9982437317643216,-0.4999999999999997,-0.8660254037844388,0,0,0,0,15.875,1.7000002,27.999691,60965.152
2377,2025-07-05,,1006663,2025,7,5,5,27,-0.8660254037844386,0.5000000000000001,0.8486442574947509,0.5289640103269624,-0.0592406278937138,-0.9982437317643216,-0.4999999999999997,-0.8660254037844388,1,0,0,0,16.918749,1.3000002,25.068514,60875.758
2378,2025-07-06,,968935,2025,7,6,6,27,-2.4492935982947064e-16,1.0,0.9377521321470804,0.3473052528448203,-0.0592406278937138,-0.9982437317643216,-0.4999999999999997,-0.8660254037844388,1,0,0,0,15.272918,15.9000025,15.408671,60780.516
2379,2025-07-07,,1013924,2025,7,7,0,28,0.0,1.0,0.9884683243281114,0.1514277775045767,-0.1768902751225729,-0.9842305779475968,-0.4999999999999997,-0.8660254037844388,0,0,0,0,13.814583,1.4000001,27.375391,60678.566
2380,2025-07-09,,1037983,2025,7,9,2,28,0.8660254037844387,-0.4999999999999998,0.9680771188662044,-0.2506525322587204,-0.1768902751225729,-0.9842305779475968,-0.4999999999999997,-0.8660254037844388,0,0,0,0,17.614582,0.6,16.794104,60455.04
2381,2025-07-10,,1037132,2025,7,10,3,28,1.2246467991473532e-16,-1.0,0.8978045395707416,-0.4403941515576344,-0.1768902751225729,-0.9842305779475968,-0.4999999999999997,-0.8660254037844388,0,0,0,0,19.229166,0.0,9.9571085,60333.953
2382,2025-07-11,,1038339,2025,7,11,4,28,-0.8660254037844385,-0.5000000000000004,0.7907757369376989,-0.6121059825476626,-0.1768902751225729,-0.9842305779475968,-0.4999999999999997,-0.8660254037844388,0,0,0,0,21.531252,0.0,9.19939,60207.0
2383,2025-07-12,,1022774,2025,7,12,5,28,-0.8660254037844386,0.5000000000000001,0.6513724827222223,-0.758758122692791,-0.1768902751225729,-0.9842305779475968,-0.4999999999999997,-0.8660254037844388,1,0,0,0,21.033335,0.0,14.417988,60074.445
2384,2025-07-13,,1005289,2025,7,13,6,28,-2.4492935982947064e-16,1.0,0.485301962531081,-0.8743466161445821,-0.1768902751225729,-0.9842305779475968,-0.4999999999999997,-0.8660254037844388,1,0,0,0,20.43125,0.0,14.059602,59936.523
2385,2025-07-14,,1045120,2025,7,14,0,29,0.0,1.0,0.299363122973358,-0.9541392564000488,-0.2920567706369756,-0.9564009842765224,-0.4999999999999997,-0.8660254037844388,0,0,0,0,18.4625,7.099999,18.864824,59793.48
2386,2025-07-15,,1036478,2025,7,15,1,29,0.8660254037844386,0.5000000000000001,0.1011683219874327,-0.994869323391895,-0.2920567706369756,-0.9564009842765224,-0.4999999999999997,-0.8660254037844388,0,0,0,0,14.872917,7.299999,24.565218,59645.58
2387,2025-07-16,,1054028,2025,7,16,2,29,0.8660254037844387,-0.4999999999999998,-0.101168321987432,-0.9948693233918952,-0.2920567706369756,-0.9564009842765224,-0.4999999999999997,-0.8660254037844388,0,0,0,0,17.112501,0.1,15.481048,59493.055
2388,2025-07-17,,1034373,2025,7,17,3,29,1.2246467991473532e-16,-1.0,-0.2993631229733582,-0.9541392564000488,-0.2920567706369756,-0.9564009842765224,-0.4999999999999997,-0.8660254037844388,0,0,0,0,17.433332,0.1,14.447172,59336.14
2389,2025-07-18,,1066868,2025,7,18,4,29,-0.8660254037844385,-0.5000000000000004,-0.4853019625310808,-0.8743466161445822,-0.2920567706369756,-0.9564009842765224,-0.4999999999999997,-0.8660254037844388,0,0,0,0,19.220835,3.7999997,10.626099,59175.098
2390,2025-07-19,,1044696,2025,7,19,5,29,-0.8660254037844386,0.5000000000000001,-0.651372482722222,-0.7587581226927911,-0.2920567706369756,-0.9564009842765224,-0.4999999999999997,-0.8660254037844388,1,0,0,0,17.283335,4.1,8.461915,59010.13
2391,2025-07-20,,1035035,2025,7,20,6,29,-2.4492935982947064e-16,1.0,-0.7907757369376986,-0.6121059825476627,-0.2920567706369756,-0.9564009842765224,-0.4999999999999997,-0.8660254037844388,1,0,0,0,16.697916,9.100001,16.204998,58841.484
2392,2025-07-21,,1075529,2025,7,21,0,30,0.0,1.0,-0.8978045395707417,-0.4403941515576342,-0.403123429287972,-0.9151456172430186,-0.4999999999999997,-0.8660254037844388,0,0,0,0,16.431252,3.7000003,11.157096,58669.36
2393,2025-07-22,,1068604,2025,7,22,1,30,0.8660254037844386,0.5000000000000001,-0.968077118866204,-0.2506525322587213,-0.403123429287972,-0.9151456172430186,-0.4999999999999997,-0.8660254037844388,0,0,0,0,16.6125,0.2,17.811815,58494.0
2394,2025-07-23,,1079778,2025,7,23,2,30,0.8660254037844387,-0.4999999999999998,-0.9987165071710528,-0.0506491688387135,-0.403123429287972,-0.9151456172430186,-0.4999999999999997,-0.8660254037844388,0,0,1,0,16.00625,1.9000001,12.606426,58315.594
2395,2025-07-24,,1065874,2025,7,24,3,30,1.2246467991473532e-16,-1.0,-0.9884683243281114,0.1514277775045766,-0.403123429287972,-0.9151456172430186,-0.4999999999999997,-0.8660254037844388,0,0,1,0,17.683332,0.1,14.059602,58134.36
2396,2025-07-25,,1092360,2025,7,25,4,30,-0.8660254037844385,-0.5000000000000004,-0.9377521321470804,0.3473052528448203,-0.403123429287972,-0.9151456172430186,-0.4999999999999997,-0.8660254037844388,0,0,1,0,16.860418,0.0,15.655861,57950.51
2397,2025-07-26,,1066579,2025,7,26,5,30,-0.8660254037844386,0.5000000000000001,-0.8486442574947509,0.5289640103269624,-0.403123429287972,-0.9151456172430186,-0.4999999999999997,-0.8660254037844388,1,0,1,0,17.039583,0.1,16.507088,57763.93
2398,2025-07-27,,1051184,2025,7,27,6,30,-2.4492935982947064e-16,1.0,-0.72479278722912,0.6889669190756865,-0.403123429287972,-0.9151456172430186,-0.4999999999999997,-0.8660254037844388,1,0,1,0,15.258334,0.0,18.892282,57573.08
2399,2025-07-28,,1089168,2025,7,28,0,31,0.0,1.0,-0.5712682150947924,0.8207634412072763,-0.5085311186492202,-0.8610436117673557,-0.4999999999999997,-0.8660254037844388,0,0,1,0,15.8625,1.1,20.49156,57377.934
2400,2025-07-29,,1098634,2025,7,29,1,31,0.8660254037844386,0.5000000000000001,-0.3943558551133187,0.9189578116202306,-0.5085311186492202,-0.8610436117673557,-0.4999999999999997,-0.8660254037844388,0,0,1,0,15.581249,1.3000001,11.4862,57178.793
2401,2025-07-30,,1097426,2025,7,30,2,31,0.8660254037844387,-0.4999999999999998,-0.2012985200886611,0.9795299412524944,-0.5085311186492202,-0.8610436117673557,-0.4999999999999997,-0.8660254037844388,0,0,1,0,16.766665,0.4,19.166409,56975.934
2402,2025-07-31,,1087091,2025,7,31,3,31,1.2246467991473532e-16,-1.0,-2.4492935982947064e-16,1.0,-0.5085311186492202,-0.8610436117673557,-0.4999999999999997,-0.8660254037844388,0,0,1,0,16.877083,0.70000005,17.325876,56769.617
2403,2025-08-01,,1114230,2025,8,1,4,31,-0.8660254037844385,-0.5000000000000004,0.20129852008866,0.9795299412524944,-0.5085311186492202,-0.8610436117673557,-0.8660254037844385,-0.5000000000000004,0,0,1,0,14.78125,0.9000001,14.512064,56560.1
2404,2025-08-02,,1090487,2025,8,2,5,31,-0.8660254037844386,0.5000000000000001,0.3943558551133185,0.9189578116202306,-0.5085311186492202,-0.8610436117673557,-0.8660254037844385,-0.5000000000000004,1,0,1,0,15.116668,0.0,16.419512,56347.656
2405,2025-08-03,,1072702,2025,8,3,6,31,-2.4492935982947064e-16,1.0,0.5712682150947923,0.8207634412072763,-0.5085311186492202,-0.8610436117673557,-0.8660254037844385,-0.5000000000000004,1,0,1,0,16.5375,0.5,23.051247,56132.523
2406,2025-08-04,,1103473,2025,8,4,0,32,0.0,1.0,0.72479278722912,0.6889669190756866,-0.6068001458185934,-0.7948544414133533,-0.8660254037844385,-0.5000000000000004,0,0,1,0,16.141668,5.3999996,32.592426,55914.934
2407,2025-08-05,,1116414,2025,8,5,1,32,0.8660254037844386,0.5000000000000001,0.8486442574947509,0.5289640103269624,-0.6068001458185934,-0.7948544414133533,-0.8660254037844385,-0.5000000000000004,0,0,1,0,14.224999,2.8000002,32.49785,55695.125
2408,2025-08-06,,1122362,2025,8,6,2,32,0.8660254037844387,-0.4999999999999998,0.9377521321470804,0.3473052528448203,-0.6068001458185934,-0.7948544414133533,-0.8660254037844385,-0.5000000000000004,0,0,1,0,15.679166,0.0,20.211363,55473.33
2409,2025-08-07,,1115722,2025,8,7,3,32,1.2246467991473532e-16,-1.0,0.9884683243281114,0.1514277775045767,-0.6068001458185934,-0.7948544414133533,-0.8660254037844385,-0.5000000000000004,0,0,1,0,16.34792,2.1,22.535252,55249.75
2410,2025-08-08,,1129040,2025,8,8,4,32,-0.8660254037844385,-0.5000000000000004,0.9987165071710528,-0.0506491688387126,-0.6068001458185934,-0.7948544414133533,-0.8660254037844385,-0.5000000000000004,0,0,1,0,15.914584,0.0,24.627787,55024.61
2411,2025-08-09,,1124168,2025,8,9,5,32,-0.8660254037844386,0.5000000000000001,0.9680771188662044,-0.2506525322587204,-0.6068001458185934,-0.7948544414133533,-0.8660254037844385,-0.5000000000000004,1,0,1,0,15.914582,0.4,28.814058,54798.11
2412,2025-08-10,,1093581,2025,8,10,6,32,-2.4492935982947064e-16,1.0,0.8978045395707416,-0.4403941515576344,-0.6068001458185934,-0.7948544414133533,-0.8660254037844385,-0.5000000000000004,1,0,1,0,17.204168,0.0,15.042659,54570.45
2413,2025-08-11,,1127415,2025,8,11,0,33,0.0,1.0,0.7907757369376989,-0.6121059825476626,-0.6965510290629969,-0.7175072570443312,-0.8660254037844385,-0.5000000000000004,0,0,1,0,20.656248,0.0,8.709098,54341.816
2414,2025-08-12,,1133229,2025,8,12,1,33,0.8660254037844386,0.5000000000000001,0.6513724827222223,-0.758758122692791,-0.6965510290629969,-0.7175072570443312,-0.8660254037844385,-0.5000000000000004,0,0,1,0,20.854168,0.0,8.131936,54112.402
2415,2025-08-13,,1135567,2025,8,13,2,33,0.8660254037844387,-0.4999999999999998,0.485301962531081,-0.8743466161445821,-0.6965510290629969,-0.7175072570443312,-0.8660254037844385,-0.5000000000000004,0,0,1,0,22.310417,0.0,17.682194,53882.387
2416,2025-08-14,,1133065,2025,8,14,3,33,1.2246467991473532e-16,-1.0,0.299363122973358,-0.9541392564000488,-0.6965510290629969,-0.7175072570443312,-0.8660254037844385,-0.5000000000000004,0,0,1,0,19.677084,1.0,15.03835,53651.94
2417,2025-08-15,,1157544,2025,8,15,4,33,-0.8660254037844385,-0.5000000000000004,0.1011683219874327,-0.994869323391895,-0.6965510290629969,-0.7175072570443312,-0.8660254037844385,-0.5000000000000004,0,0,1,0,19.427082,0.0,13.896187,53420.92
2418,2025-08-16,,1144939,2025,8,16,5,33,-0.8660254037844386,0.5000000000000001,-0.101168321987432,-0.9948693233918952,-0.6965510290629969,-0.7175072570443312,-0.8660254037844385,-0.5000000000000004,1,0,1,0,17.335417,0.0,10.209348,53187.605
2419,2025-08-17,,1113996,2025,8,17,6,33,-2.4492935982947064e-16,1.0,-0.2993631229733582,-0.9541392564000488,-0.6965510290629969,-0.7175072570443312,-0.8660254037844385,-0.5000000000000004,1,0,1,0,16.416666,0.0,12.673074,52951.906
2420,2025-08-18,,1148713,2025,8,18,0,34,0.0,1.0,-0.4853019625310808,-0.8743466161445822,-0.7765238627180425,-0.6300878435817109,-0.8660254037844385,-0.5000000000000004,0,0,1,0,16.389584,0.0,13.543131,52714.027
2421,2025-08-19,,1158307,2025,8,19,1,34,0.8660254037844386,0.5000000000000001,-0.651372482722222,-0.7587581226927911,-0.7765238627180425,-0.6300878435817109,-0.8660254037844385,-0.5000000000000004,0,0,1,0,15.122916,0.3,17.352036,52474.184
2422,2025-08-20,,1141166,2025,8,20,2,34,0.8660254037844387,-0.4999999999999998,-0.7907757369376986,-0.6121059825476627,-0.7765238627180425,-0.6300878435817109,-0.8660254037844385,-0.5000000000000004,0,0,1,0,14.089584,0.5,18.440998,52232.58
2423,2025-08-21,,1151767,2025,8,21,3,34,1.2246467991473532e-16,-1.0,-0.8978045395707417,-0.4403941515576342,-0.7765238627180425,-0.6300878435817109,-0.8660254037844385,-0.5000000000000004,0,0,1,0,13.966666,0.3,14.169785,51989.414
2424,2025-08-22,,1172694,2025,8,22,4,34,-0.8660254037844385,-0.5000000000000004,-0.968077118866204,-0.2506525322587213,-0.7765238627180425,-0.6300878435817109,-0.8660254037844385,-0.5000000000000004,0,0,1,0,14.483333,0.1,18.417263,51744.87
2425,2025-08-23,,1147682,2025,8,23,5,34,-0.8660254037844386,0.5000000000000001,-0.9987165071710528,-0.0506491688387135,-0.7765238627180425,-0.6300878435817109,-0.8660254037844385,-0.5000000000000004,1,0,1,0,16.689583,0.2,6.522361,51499.14
2426,2025-08-24,,1111795,2025,8,24,6,34,-2.4492935982947064e-16,1.0,-0.9884683243281114,0.1514277775045766,-0.7765238627180425,-0.6300878435817109,-0.8660254037844385,-0.5000000000000004,1,0,1,0,18.745832,0.0,9.605998,51252.406
2427,2025-08-25,,1136138,2025,8,25,0,35,0.0,1.0,-0.9377521321470804,0.3473052528448203,-0.845596003501826,-0.533823377964791,-0.8660254037844385,-0.5000000000000004,0,1,1,0,20.927084,0.0,18.533009,51004.832
2428,2025-08-26,,1145318,2025,8,26,1,35,0.8660254037844386,0.5000000000000001,-0.8486442574947509,0.5289640103269624,-0.845596003501826,-0.533823377964791,-0.8660254037844385,-0.5000000000000004,0,0,1,0,18.577087,1.4,19.500736,50756.598
2429,2025-08-27,,1128036,2025,8,27,2,35,0.8660254037844387,-0.4999999999999998,-0.72479278722912,0.6889669190756865,-0.845596003501826,-0.533823377964791,-0.8660254037844385,-0.5000000000000004,0,0,1,0,16.135416,4.6,17.828178,50507.863
2430,2025-08-28,,1152238,2025,8,28,3,35,1.2246467991473532e-16,-1.0,-0.5712682150947924,0.8207634412072763,-0.845596003501826,-0.533823377964791,-0.8660254037844385,-0.5000000000000004,0,0,1,0,14.727084,2.0,20.83806,50258.793
2431,2025-08-29,,1159422,2025,8,29,4,35,-0.8660254037844385,-0.5000000000000004,-0.3943558551133187,0.9189578116202306,-0.845596003501826,-0.533823377964791,-0.8660254037844385,-0.5000000000000004,0,0,1,0,14.695835,0.1,15.68584,50009.55
2432,2025-08-30,,1127304,2025,8,30,5,35,-0.8660254037844386,0.5000000000000001,-0.2012985200886611,0.9795299412524944,-0.845596003501826,-0.533823377964791,-0.8660254037844385,-0.5000000000000004,1,0,0,0,15.722915,1.8000001,22.691425,49760.27
2433,2025-08-31,,1118737,2025,8,31,6,35,-2.4492935982947064e-16,1.0,-2.4492935982947064e-16,1.0,-0.845596003501826,-0.533823377964791,-0.8660254037844385,-0.5000000000000004,1,0,0,0,15.295834,3.6,22.666426,49511.117
2434,2025-09-01,,1141137,2025,9,1,0,36,0.0,1.0,0.20129852008866,0.9795299412524944,-0.9027978299657436,-0.4300652022765204,-1.0,-1.8369701987210294e-16,0,0,0,0,14.481251,6.9999995,22.049082,49262.227
2435,2025-09-02,,1133363,2025,9,2,1,36,0.8660254037844386,0.5000000000000001,0.3943558551133185,0.9189578116202306,-0.9027978299657436,-0.4300652022765204,-1.0,-1.8369701987210294e-16,0,0,0,0,14.677083,1.0,14.634343,49013.758
2436,2025-09-03,,1119779,2025,9,3,2,36,0.8660254037844387,-0.4999999999999998,0.5712682150947923,0.8207634412072763,-0.9027978299657436,-0.4300652022765204,-1.0,-1.8369701987210294e-16,0,0,0,0,14.643752,6.1,17.630814,48765.844
2437,2025-09-04,,1150967,2025,9,4,3,36,1.2246467991473532e-16,-1.0,0.72479278722912,0.6889669190756866,-0.9027978299657436,-0.4300652022765204,-1.0,-1.8369701987210294e-16,0,0,0,0,13.689582,0.8,16.34832,48518.312
2438,2025-09-05,,1171418,2025,9,5,4,36,-0.8660254037844385,-0.5000000000000004,0.8486442574947509,0.5289640103269624,-0.9027978299657436,-0.4300652022765204,-1.0,-1.8369701987210294e-16,0,0,0,0,14.022916,0.3,17.01738,48269.473
2439,2025-09-06,,1161471,2025,9,6,5,36,-0.8660254037844386,0.5000000000000001,0.9377521321470804,0.3473052528448203,-0.9027978299657436,-0.4300652022765204,-1.0,-1.8369701987210294e-16,1,0,0,0,15.379165,0.0,18.075441,48019.17
2440,2025-09-07,,1141257,2025,9,7,6,36,-2.4492935982947064e-16,1.0,0.9884683243281114,0.1514277775045767,-0.9027978299657436,-0.4300652022765204,-1.0,-1.8369701987210294e-16,1,0,0,0,16.083334,5.7000003,16.80857,47767.582
2441,2025-09-08,,1161910,2025,9,8,0,37,0.0,1.0,0.9987165071710528,-0.0506491688387126,-0.9473263538541912,-0.320269853862838,-1.0,-1.8369701987210294e-16,0,0,0,0,13.4729185,0.3,17.072504,47514.855
2442,2025-09-09,,1141479,2025,9,9,1,37,0.8660254037844386,0.5000000000000001,0.9680771188662044,-0.2506525322587204,-0.9473263538541912,-0.320269853862838,-1.0,-1.8369701987210294e-16,0,0,0,0,13.564584,0.0,14.24163,47261.152
2443,2025-09-10,,1128062,2025,9,10,2,37,0.8660254037844387,-0.4999999999999998,0.8978045395707416,-0.4403941515576344,-0.9473263538541912,-0.320269853862838,-1.0,-1.8369701987210294e-16,0,0,0,0,13.764585,6.0,22.151703,47006.613
2444,2025-09-11,,1156611,2025,9,11,3,37,1.2246467991473532e-16,-1.0,0.7907757369376989,-0.6121059825476626,-0.9473263538541912,-0.320269853862838,-1.0,-1.8369701987210294e-16,0,0,0,0,11.697917,1.1000001,21.599998,46751.4
2445,2025-09-12,,1183006,2025,9,12,4,37,-0.8660254037844385,-0.5000000000000004,0.6513724827222223,-0.758758122692791,-0.9473263538541912,-0.320269853862838,-1.0,-1.8369701987210294e-16,0,0,0,0,11.433334,1.7,22.166325,46495.652
2446,2025-09-13,,1180055,2025,9,13,5,37,-0.8660254037844386,0.5000000000000001,0.485301962531081,-0.8743466161445821,-0.9473263538541912,-0.320269853862838,-1.0,-1.8369701987210294e-16,1,0,0,0,11.400001,3.3999999,20.073833,46239.516
2447,2025-09-14,,1150293,2025,9,14,6,37,-2.4492935982947064e-16,1.0,0.299363122973358,-0.9541392564000488,-0.9473263538541912,-0.320269853862838,-1.0,-1.8369701987210294e-16,1,0,0,0,11.652083,7.0,23.617756,45983.13
2448,2025-09-15,,1163900,2025,9,15,0,38,0.0,1.0,0.1011683219874327,-0.994869323391895,-0.978556492299504,-0.2059786187410985,-1.0,-1.8369701987210294e-16,0,0,0,0,12.618749,8.800001,39.45122,45726.637
2449,2025-09-16,,1144757,2025,9,16,1,38,0.8660254037844386,0.5000000000000001,-0.101168321987432,-0.9948693233918952,-0.978556492299504,-0.2059786187410985,-1.0,-1.8369701987210294e-16,0,0,0,0,12.666667,2.6000004,27.930176,45470.176
2450,2025-09-17,,1116700,2025,9,17,2,38,0.8660254037844387,-0.4999999999999998,-0.2993631229733582,-0.9541392564000488,-0.978556492299504,-0.2059786187410985,-1.0,-1.8369701987210294e-16,0,0,0,0,14.20625,10.1,21.45627,45213.883
2451,2025-09-18,,1145955,2025,9,18,3,38,1.2246467991473532e-16,-1.0,-0.4853019625310808,-0.8743466161445822,-0.978556492299504,-0.2059786187410985,-1.0,-1.8369701987210294e-16,0,0,0,0,15.685418,0.3,21.017649,44957.895
2452,2025-09-19,,1178571,2025,9,19,4,38,-0.8660254037844385,-0.5000000000000004,-0.651372482722222,-0.7587581226927911,-0.978556492299504,-0.2059786187410985,-1.0,-1.8369701987210294e-16,0,0,0,0,17.445833,0.4,20.750027,44702.348
2453,2025-09-20,,1175629,2025,9,20,5,38,-0.8660254037844386,0.5000000000000001,-0.7907757369376986,-0.6121059825476627,-0.978556492299504,-0.2059786187410985,-1.0,-1.8369701987210294e-16,1,0,0,0,12.447915,39.6,37.650993,44447.38
2454,2025-09-21,,1173146,2025,9,21,6,38,-2.4492935982947064e-16,1.0,-0.8978045395707417,-0.4403941515576342,-0.978556492299504,-0.2059786187410985,-1.0,-1.8369701987210294e-16,1,0,0,0,9.170834,5.6,25.872454,44193.117
2455,2025-09-22,,1176602,2025,9,22,0,39,0.0,1.0,-0.968077118866204,-0.2506525322587213,-0.9960498426152168,-0.0887958953229354,-1.0,-1.8369701987210294e-16,0,0,0,0,8.554168,0.0,12.204212,43939.707
2456,2025-09-23,,1170907,2025,9,23,1,39,0.8660254037844386,0.5000000000000001,-0.9987165071710528,-0.0506491688387135,-0.9960498426152168,-0.0887958953229354,-1.0,-1.8369701987210294e-16,0,0,0,0,9.572917,0.0,8.557102,43687.273
2457,2025-09-24,,1149219,2025,9,24,2,39,0.8660254037844387,-0.4999999999999998,-0.9884683243281114,0.1514277775045766,-0.9960498426152168,-0.0887958953229354,-1.0,-1.8369701987210294e-16,0,0,0,0,10.545833,0.0,10.209348,43435.652
2458,2025-09-25,,1177971,2025,9,25,3,39,1.2246467991473532e-16,-1.0,-0.9377521321470804,0.3473052528448203,-0.9960498426152168,-0.0887958953229354,-1.0,-1.8369701987210294e-16,0,0,0,0,10.481251,0.0,12.638512,43183.09
2459,2025-09-26,,1205818,2025,9,26,4,39,-0.8660254037844385,-0.5000000000000004,-0.8486442574947509,0.5289640103269624,-0.9960498426152168,-0.0887958953229354,-1.0,-1.8369701987210294e-16,0,0,0,0,10.660416,0.1,11.734564,42929.426
2460,2025-09-27,,1204353,2025,9,27,5,39,-0.8660254037844386,0.5000000000000001,-0.72479278722912,0.6889669190756865,-0.9960498426152168,-0.0887958953229354,-1.0,-1.8369701987210294e-16,1,0,0,0,11.254167,3.8,18.958197,42674.81
2461,2025-09-28,,1223970,2025,9,28,6,39,-2.4492935982947064e-16,1.0,-0.5712682150947924,0.8207634412072763,-0.9960498426152168,-0.0887958953229354,-1.0,-1.8369701987210294e-16,1,0,0,0,11.787499,6.3999996,11.391313,42419.395
2462,2025-09-29,,1202090,2025,9,29,0,40,0.0,1.0,-0.3943558551133187,0.9189578116202306,-0.9995608365087943,0.0296333278225594,-1.0,-1.8369701987210294e-16,0,0,0,0,9.895833,0.0,8.557102,42163.33
2463,2025-09-30,,1197141,2025,9,30,1,40,0.8660254037844386,0.5000000000000001,-0.2012985200886611,0.9795299412524944,-0.9995608365087943,0.0296333278225594,-1.0,-1.8369701987210294e-16,0,0,0,0,11.914582,0.0,9.299225,41906.754
2464,2025-10-01,,1176340,2025,10,1,2,40,0.8660254037844387,-0.4999999999999998,0.20129852008866,0.9795299412524944,-0.9995608365087943,0.0296333278225594,-0.8660254037844386,0.5000000000000001,0,0,0,0,12.849999,5.8,12.830604,41649.832
2465,2025-10-02,,1199665,2025,10,2,3,40,1.2246467991473532e-16,-1.0,0.3943558551133185,0.9189578116202306,-0.9995608365087943,0.0296333278225594,-0.8660254037844386,0.5000000000000001,0,0,0,0,13.579167,4.6,25.18521,41392.707
2466,2025-10-03,,1226239,2025,10,3,4,40,-0.8660254037844385,-0.5000000000000004,0.5712682150947923,0.8207634412072763,-0.9995608365087943,0.0296333278225594,-0.8660254037844386,0.5000000000000001,0,0,0,0,14.46875,25.900002,36.312294,41135.527
2467,2025-10-04,,1227595,2025,10,4,5,40,-0.8660254037844386,0.5000000000000001,0.72479278722912,0.6889669190756866,-0.9995608365087943,0.0296333278225594,-0.8660254037844386,0.5000000000000001,1,0,0,0,10.041667,4.8999996,35.230373,40878.453
2468,2025-10-05,,1252827,2025,10,5,6,40,-2.4492935982947064e-16,1.0,0.8486442574947509,0.5289640103269624,-0.9995608365087943,0.0296333278225594,-0.8660254037844386,0.5000000000000001,1,0,0,0,11.483333,0.0,35.667717,40621.633
2469,2025-10-06,,1240149,2025,10,6,0,41,0.0,1.0,0.9377521321470804,0.3473052528448203,-0.989040187322164,0.1476465640024803,-0.8660254037844386,0.5000000000000001,0,0,0,0,13.625,2.4,21.782974,40365.215
