,datestamp,estimated_actual_footfall,estimated_actual_footfall_rolling,year,month,weekday,week_of_year,Sin_weekday,Cos_weekday,Sin_week_of_year,Cos_week_of_year,Sin_month,Cos_month,is_weekend,bank_hol,covid,temperature_2m_mean,precipitation_sum,wind_speed_10m_max,daylight_duration
2192,2025-01-01,577601.0,598351,2025,1,2,1,0.8660254037844387,-0.4999999999999998,0.1182731709213658,0.9929810960135168,0.4999999999999999,0.8660254037844387,0,1,0,5.4995003,30.1,26.587042,27122.145
2193,2025-01-02,607459.0,597028,2025,1,3,1,1.2246467991473532e-16,-1.0,0.1182731709213658,0.9929810960135168,0.4999999999999999,0.8660254037844387,0,0,0,-0.47758326,0.0,13.379461,27203.908
2194,2025-01-03,599189.0,613418,2025,1,4,1,-0.8660254037844385,-0.5000000000000004,0.1182731709213658,0.9929810960135168,0.4999999999999999,0.8660254037844387,0,0,0,1.8203335,0.0,24.709875,27291.889
2195,2025-01-04,624713.0,597212,2025,1,5,1,-0.8660254037844386,0.5000000000000001,0.1182731709213658,0.9929810960135168,0.4999999999999999,0.8660254037844387,1,0,0,0.9536667,0.2,13.619471,27385.957
2196,2025-01-05,553875.0,591248,2025,1,6,1,-2.4492935982947064e-16,1.0,0.1182731709213658,0.9929810960135168,0.4999999999999999,0.8660254037844387,1,0,0,0.68074995,31.6,21.24,27485.986
2197,2025-01-06,554925.0,595232,2025,1,0,2,0.0,1.0,0.2348860457809836,0.9720229140804107,0.4999999999999999,0.8660254037844387,0,0,0,1.691167,12.199999,25.331442,27591.848
2198,2025-01-07,613778.0,599014,2025,1,1,2,0.8660254037844386,0.5000000000000001,0.2348860457809836,0.9720229140804107,0.4999999999999999,0.8660254037844387,0,0,0,0.462,0.0,19.84005,27703.646
2199,2025-01-08,572455.0,593545,2025,1,2,2,0.8660254037844387,-0.4999999999999998,0.2348860457809836,0.9720229140804107,0.4999999999999999,0.8660254037844387,0,0,0,-3.1150835,0.0,18.745079,27822.607
2200,2025-01-09,580086.0,595770,2025,1,3,2,1.2246467991473532e-16,-1.0,0.2348860457809836,0.9720229140804107,0.4999999999999999,0.8660254037844387,0,0,0,-3.5713336,0.0,15.342294,27948.65
2201,2025-01-10,604824.0,616531,2025,1,4,2,-0.8660254037844385,-0.5000000000000004,0.2348860457809836,0.9720229140804107,0.4999999999999999,0.8660254037844387,0,0,0,-3.7546666,0.0,10.783487,28081.453
2202,2025-01-11,559510.0,592328,2025,1,5,2,-0.8660254037844386,0.5000000000000001,0.2348860457809836,0.9720229140804107,0.4999999999999999,0.8660254037844387,1,0,0,-3.5421674,0.0,6.162207,28220.688
2203,2025-01-12,569883.0,588270,2025,1,6,2,-2.4492935982947064e-16,1.0,0.2348860457809836,0.9720229140804107,0.4999999999999999,0.8660254037844387,1,0,0,0.18700002,0.0,11.545284,28366.033
2204,2025-01-13,573230.0,591101,2025,1,0,3,0.0,1.0,0.3482016354343987,0.9374196611341208,0.4999999999999999,0.8660254037844387,0,0,0,3.8995001,0.0,22.862833,28517.174
2205,2025-01-14,600721.0,599779,2025,1,1,3,0.8660254037844386,0.5000000000000001,0.3482016354343987,0.9374196611341208,0.4999999999999999,0.8660254037844387,0,0,0,7.951584,0.0,25.103384,28673.787
2206,2025-01-15,606532.0,594027,2025,1,2,3,0.8660254037844387,-0.4999999999999998,0.3482016354343987,0.9374196611341208,0.4999999999999999,0.8660254037844387,0,0,0,7.372418,0.0,16.380001,28835.56
2207,2025-01-16,627314.0,597290,2025,1,3,3,1.2246467991473532e-16,-1.0,0.3482016354343987,0.9374196611341208,0.4999999999999999,0.8660254037844387,0,0,0,4.862,0.0,13.104198,29002.207
2208,2025-01-17,619714.0,614270,2025,1,4,3,-0.8660254037844385,-0.5000000000000004,0.3482016354343987,0.9374196611341208,0.4999999999999999,0.8660254037844387,0,0,0,4.7619996,0.0,17.02404,29173.404
2209,2025-01-18,638155.0,598993,2025,1,5,3,-0.8660254037844386,0.5000000000000001,0.3482016354343987,0.9374196611341208,0.4999999999999999,0.8660254037844387,1,0,0,1.8099165,0.0,8.891343,29348.867
2210,2025-01-19,601514.0,593038,2025,1,6,3,-2.4492935982947064e-16,1.0,0.3482016354343987,0.9374196611341208,0.4999999999999999,0.8660254037844387,1,0,0,0.23908336,0.0,10.8792095,29528.31
2211,2025-01-20,614661.0,595357,2025,1,0,4,0.0,1.0,0.4566292373937131,0.8896570909947473,0.4999999999999999,0.8660254037844387,0,0,0,3.18075,1.8000001,13.169555,29711.45
2212,2025-01-21,608951.0,604836,2025,1,1,4,0.8660254037844386,0.5000000000000001,0.4566292373937131,0.8896570909947473,0.4999999999999999,0.8660254037844387,0,0,0,4.76825,3.1000001,12.932471,29898.004
2213,2025-01-22,642895.0,600996,2025,1,2,4,0.8660254037844387,-0.4999999999999998,0.4566292373937131,0.8896570909947473,0.4999999999999999,0.8660254037844387,0,0,0,4.026583,0.70000005,7.928177,30087.719
2214,2025-01-23,625073.0,606662,2025,1,3,4,1.2246467991473532e-16,-1.0,0.4566292373937131,0.8896570909947473,0.4999999999999999,0.8660254037844387,0,0,0,3.84325,4.1000004,20.83184,30280.318
2215,2025-01-24,598257.0,611497,2025,1,4,4,-0.8660254037844385,-0.5000000000000004,0.4566292373937131,0.8896570909947473,0.4999999999999999,0.8660254037844387,0,0,0,6.30575,7.8,36.367126,30475.549
2216,2025-01-25,600468.0,598093,2025,1,5,4,-0.8660254037844386,0.5000000000000001,0.4566292373937131,0.8896570909947473,0.4999999999999999,0.8660254037844387,1,0,0,3.0661662,0.0,20.157589,30673.168
2217,2025-01-26,,1104021,2025,1,6,4,-2.4492935982947064e-16,1.0,0.4566292373937131,0.8896570909947473,0.4999999999999999,0.8660254037844387,1,0,0,3.3120003,4.4,28.431454,30872.932
2218,2025-01-27,1098077.0,1089716,2025,1,0,5,0.0,1.0,0.5586467658036525,0.8294056854502019,0.4999999999999999,0.8660254037844387,0,0,0,4.9307504,15.3,21.511318,31074.998
2219,2025-01-28,,1111313,2025,1,1,5,0.8660254037844386,0.5000000000000001,0.5586467658036525,0.8294056854502019,0.4999999999999999,0.8660254037844387,0,0,0,5.545332,1.5000001,19.023027,31281.438
2220,2025-01-29,,1111584,2025,1,2,5,0.8660254037844387,-0.4999999999999998,0.5586467658036525,0.8294056854502019,0.4999999999999999,0.8660254037844387,0,0,0,4.36825,0.0,18.844202,31492.307
2221,2025-01-30,,1135892,2025,1,3,5,1.2246467991473532e-16,-1.0,0.5586467658036525,0.8294056854502019,0.4999999999999999,0.8660254037844387,0,0,0,2.9411666,0.0,17.160524,31707.273
2222,2025-01-31,,1127269,2025,1,4,5,-0.8660254037844385,-0.5000000000000004,0.5586467658036525,0.8294056854502019,0.4999999999999999,0.8660254037844387,0,0,0,4.087,1.3000001,12.074766,31926.006
2223,2025-02-01,,1119235,2025,2,5,5,-0.8660254037844386,0.5000000000000001,0.5586467658036525,0.8294056854502019,0.8660254037844386,0.5000000000000001,1,0,0,4.4078336,0.0,13.238261,32148.193
2224,2025-02-02,,1110140,2025,2,6,5,-2.4492935982947064e-16,1.0,0.5586467658036525,0.8294056854502019,0.8660254037844386,0.5000000000000001,1,0,0,4.4244995,0.0,12.931218,32373.527
2225,2025-02-03,,1081767,2025,2,0,6,0.0,1.0,0.6528221181905216,0.7575112421616201,0.8660254037844386,0.5000000000000001,0,0,0,6.7411656,0.0,16.932442,32601.701
2226,2025-02-04,,1118102,2025,2,1,6,0.8660254037844386,0.5000000000000001,0.6528221181905216,0.7575112421616201,0.8660254037844386,0.5000000000000001,0,0,0,7.8328323,1.3000001,25.071098,32832.434
2227,2025-02-05,,1114069,2025,2,2,6,0.8660254037844387,-0.4999999999999998,0.6528221181905216,0.7575112421616201,0.8660254037844386,0.5000000000000001,0,0,0,4.651583,0.3,17.932371,33065.434
2228,2025-02-06,,1125903,2025,2,3,6,1.2246467991473532e-16,-1.0,0.6528221181905216,0.7575112421616201,0.8660254037844386,0.5000000000000001,0,0,0,1.7536665,0.0,9.473541,33300.438
2229,2025-02-07,,1111614,2025,2,4,6,-0.8660254037844385,-0.5000000000000004,0.6528221181905216,0.7575112421616201,0.8660254037844386,0.5000000000000001,0,0,0,2.91825,1.9000001,24.248613,33537.176
2230,2025-02-08,,1091980,2025,2,5,6,-0.8660254037844386,0.5000000000000001,0.6528221181905216,0.7575112421616201,0.8660254037844386,0.5000000000000001,1,0,0,2.68075,1.6000001,17.22742,33775.387
2231,2025-02-09,,1066937,2025,2,6,6,-2.4492935982947064e-16,1.0,0.6528221181905216,0.7575112421616201,0.8660254037844386,0.5000000000000001,1,0,0,4.457833,1.5000001,20.767975,34014.824
2232,2025-02-10,,1069974,2025,2,0,7,0.0,1.0,0.7378332790417274,0.6749830015182106,0.8660254037844386,0.5000000000000001,0,0,0,3.126583,3.2000003,20.737532,34255.246
2233,2025-02-11,,1111068,2025,2,1,7,0.8660254037844386,0.5000000000000001,0.7378332790417274,0.6749830015182106,0.8660254037844386,0.5000000000000001,0,0,0,3.3765838,1.5000001,18.108572,34496.42
2234,2025-02-12,,1102172,2025,2,2,7,0.8660254037844387,-0.4999999999999998,0.7378332790417274,0.6749830015182106,0.8660254037844386,0.5000000000000001,0,0,0,3.6265833,0.6,16.824945,34738.11
2235,2025-02-13,,1108694,2025,2,3,7,1.2246467991473532e-16,-1.0,0.7378332790417274,0.6749830015182106,0.8660254037844386,0.5000000000000001,0,0,0,2.3245003,0.2,14.6254835,34980.098
2236,2025-02-14,,1083323,2025,2,4,7,-0.8660254037844385,-0.5000000000000004,0.7378332790417274,0.6749830015182106,0.8660254037844386,0.5000000000000001,0,0,0,1.9369999,0.1,19.64228,35222.164
2237,2025-02-15,,1080095,2025,2,5,7,-0.8660254037844386,0.5000000000000001,0.7378332790417274,0.6749830015182106,0.8660254037844386,0.5000000000000001,1,0,0,1.8515831,0.4,11.612441,35464.094
2238,2025-02-16,910161.0,1022961,2025,2,6,7,-2.4492935982947064e-16,1.0,0.7378332790417274,0.6749830015182106,0.8660254037844386,0.5000000000000001,1,0,0,1.891167,1.6000003,18.466455,35706.08
2239,2025-02-17,,1052815,2025,2,0,8,0.0,1.0,0.8124868780056813,0.5829794791144721,0.8660254037844386,0.5000000000000001,0,0,0,0.9911666,0.0,17.703253,35950.27
2240,2025-02-18,,1088689,2025,2,1,8,0.8660254037844386,0.5000000000000001,0.8124868780056813,0.5829794791144721,0.8660254037844386,0.5000000000000001,0,0,0,0.92658347,0.0,16.431347,36196.832
2241,2025-02-19,,1090796,2025,2,2,8,0.8660254037844387,-0.4999999999999998,0.8124868780056813,0.5829794791144721,0.8660254037844386,0.5000000000000001,0,0,0,2.0640833,1.4000001,15.531193,36445.51
2242,2025-02-20,,1088590,2025,2,3,8,1.2246467991473532e-16,-1.0,0.8124868780056813,0.5829794791144721,0.8660254037844386,0.5000000000000001,0,0,0,10.7245,5.200001,28.98503,36696.094
2243,2025-02-21,,1058920,2025,2,4,8,-0.8660254037844385,-0.5000000000000004,0.8124868780056813,0.5829794791144721,0.8660254037844386,0.5000000000000001,0,0,0,11.578668,1.2,28.644894,36948.355
2244,2025-02-22,,1044993,2025,2,5,8,-0.8660254037844386,0.5000000000000001,0.8124868780056813,0.5829794791144721,0.8660254037844386,0.5000000000000001,1,0,0,8.774501,0.0,20.04476,37202.066
2245,2025-02-23,,1007215,2025,2,6,8,-2.4492935982947064e-16,1.0,0.8124868780056813,0.5829794791144721,0.8660254037844386,0.5000000000000001,1,0,0,8.787001,11.400001,34.937157,37457.03
2246,2025-02-24,,1034047,2025,2,0,9,0.0,1.0,0.8757349421956369,0.4827922027307448,0.8660254037844386,0.5000000000000001,0,0,0,8.970333,0.8,24.048027,37713.03
2247,2025-02-25,,1051460,2025,2,1,9,0.8660254037844386,0.5000000000000001,0.8757349421956369,0.4827922027307448,0.8660254037844386,0.5000000000000001,0,0,0,5.9557495,0.0,21.38897,37969.87
2248,2025-02-26,,1077137,2025,2,2,9,0.8660254037844387,-0.4999999999999998,0.8757349421956369,0.4827922027307448,0.8660254037844386,0.5000000000000001,0,0,0,4.4390826,1.5000001,14.918297,38227.36
2249,2025-02-27,,1065663,2025,2,3,9,1.2246467991473532e-16,-1.0,0.8757349421956369,0.4827922027307448,0.8660254037844386,0.5000000000000001,0,0,0,4.362,0.0,15.130711,38485.293
2250,2025-02-28,,1026017,2025,2,4,9,-0.8660254037844385,-0.5000000000000004,0.8757349421956369,0.4827922027307448,0.8660254037844386,0.5000000000000001,0,0,0,3.807833,0.0,9.059205,38743.49
2251,2025-03-01,938236.0,1023823,2025,3,5,9,-0.8660254037844386,0.5000000000000001,0.8757349421956369,0.4827922027307448,1.0,6.123233995736766e-17,1,0,0,4.4828334,0.0,11.897714,39001.76
2252,2025-03-02,885531.0,975799,2025,3,6,9,-2.4492935982947064e-16,1.0,0.8757349421956369,0.4827922027307448,1.0,6.123233995736766e-17,1,0,0,5.6182504,0.0,14.915039,39259.93
2253,2025-03-03,955208.0,1012012,2025,3,0,10,0.0,1.0,0.9266896074318334,0.3758275821142382,1.0,6.123233995736766e-17,0,0,0,7.0557504,0.0,18.0,39517.81
2254,2025-03-04,941037.0,1021007,2025,3,1,10,0.8660254037844386,0.5000000000000001,0.9266896074318334,0.3758275821142382,1.0,6.123233995736766e-17,0,0,0,6.7849164,0.0,18.144321,39775.227
2255,2025-03-05,906100.0,1034523,2025,3,2,10,0.8660254037844387,-0.4999999999999998,0.9266896074318334,0.3758275821142382,1.0,6.123233995736766e-17,0,0,0,7.3057504,0.0,19.488274,40032.01
2256,2025-03-06,973416.0,1036802,2025,3,3,10,1.2246467991473532e-16,-1.0,0.9266896074318334,0.3758275821142382,1.0,6.123233995736766e-17,0,0,0,10.1119995,3.6,16.50218,40287.977
2257,2025-03-07,949956.0,997296,2025,3,4,10,-0.8660254037844385,-0.5000000000000004,0.9266896074318334,0.3758275821142382,1.0,6.123233995736766e-17,0,0,0,10.824501,1.2,12.991212,40542.965
2258,2025-03-08,873314.0,984358,2025,3,5,10,-0.8660254037844386,0.5000000000000001,0.9266896074318334,0.3758275821142382,1.0,6.123233995736766e-17,1,0,0,10.14325,3.5,12.016938,40797.145
2259,2025-03-09,823424.0,939485,2025,3,6,10,-2.4492935982947064e-16,1.0,0.9266896074318334,0.3758275821142382,1.0,6.123233995736766e-17,1,0,0,8.172417,0.0,8.55142,41052.477
2260,2025-03-10,863819.0,977893,2025,3,0,11,0.0,1.0,0.9646355819083586,0.2635871660690678,1.0,6.123233995736766e-17,0,0,0,6.101583,0.0,24.472057,41309.15
2261,2025-03-11,898641.0,993484,2025,3,1,11,0.8660254037844386,0.5000000000000001,0.9646355819083586,0.2635871660690678,1.0,6.123233995736766e-17,0,0,0,4.476583,0.0,16.601036,41566.99
2262,2025-03-12,880577.0,993826,2025,3,2,11,0.8660254037844387,-0.4999999999999998,0.9646355819083586,0.2635871660690678,1.0,6.123233995736766e-17,0,0,0,3.657833,1.3000001,20.343185,41825.84
2263,2025-03-13,852285.0,994048,2025,3,3,11,1.2246467991473532e-16,-1.0,0.9646355819083586,0.2635871660690678,1.0,6.123233995736766e-17,0,0,0,3.3474166,1.0,22.751316,42085.55
2264,2025-03-14,901254.0,969341,2025,3,4,11,-0.8660254037844385,-0.5000000000000004,0.9646355819083586,0.2635871660690678,1.0,6.123233995736766e-17,0,0,0,3.8140833,1.0,15.844089,42345.96
2265,2025-03-15,871071.0,951635,2025,3,5,11,-0.8660254037844386,0.5000000000000001,0.9646355819083586,0.2635871660690678,1.0,6.123233995736766e-17,1,0,0,3.562,0.0,9.565437,42606.918
2266,2025-03-16,865989.0,903411,2025,3,6,11,-2.4492935982947064e-16,1.0,0.9646355819083586,0.2635871660690678,1.0,6.123233995736766e-17,1,0,0,4.057833,0.6,14.941085,42868.266
2267,2025-03-17,892678.0,948550,2025,3,0,12,0.0,1.0,0.989040187322164,0.1476465640024812,1.0,6.123233995736766e-17,0,0,0,4.7619996,0.4,17.046865,43129.85
2268,2025-03-18,916345.0,960562,2025,3,1,12,0.8660254037844386,0.5000000000000001,0.989040187322164,0.1476465640024812,1.0,6.123233995736766e-17,0,0,0,3.645333,0.0,15.188415,43391.53
2269,2025-03-19,887402.0,959130,2025,3,2,12,0.8660254037844387,-0.4999999999999998,0.989040187322164,0.1476465640024812,1.0,6.123233995736766e-17,0,0,0,4.2745,0.0,6.1305785,43653.14
2270,2025-03-20,881541.0,961071,2025,3,3,12,1.2246467991473532e-16,-1.0,0.989040187322164,0.1476465640024812,1.0,6.123233995736766e-17,0,0,0,8.278666,0.0,11.272657,43914.54
2271,2025-03-21,890662.0,951343,2025,3,4,12,-0.8660254037844385,-0.5000000000000004,0.989040187322164,0.1476465640024812,1.0,6.123233995736766e-17,0,0,0,9.0495,0.1,16.923828,44175.57
2272,2025-03-22,913859.0,947409,2025,3,5,12,-0.8660254037844386,0.5000000000000001,0.989040187322164,0.1476465640024812,1.0,6.123233995736766e-17,1,0,0,10.3619995,4.8,11.9466305,44436.086
2273,2025-03-23,868786.0,895290,2025,3,6,12,-2.4492935982947064e-16,1.0,0.989040187322164,0.1476465640024812,1.0,6.123233995736766e-17,1,0,0,7.724499,1.2,17.630812,44695.926
2274,2025-03-24,845044.0,935860,2025,3,0,13,0.0,1.0,0.9995608365087943,0.0296333278225596,1.0,6.123233995736766e-17,0,0,0,7.147417,0.0,16.740969,44954.934
2275,2025-03-25,837925.0,941725,2025,3,1,13,0.8660254037844386,0.5000000000000001,0.9995608365087943,0.0296333278225596,1.0,6.123233995736766e-17,0,0,0,9.668248,0.0,20.349554,45212.96
2276,2025-03-26,885492.0,942939,2025,3,2,13,0.8660254037844387,-0.4999999999999998,0.9995608365087943,0.0296333278225596,1.0,6.123233995736766e-17,0,0,0,8.3724165,0.0,13.6242285,45469.84
2277,2025-03-27,896765.0,950101,2025,3,3,13,1.2246467991473532e-16,-1.0,0.9995608365087943,0.0296333278225596,1.0,6.123233995736766e-17,0,0,0,10.743249,0.5,23.30913,45725.42
2278,2025-03-28,877125.0,939509,2025,3,4,13,-0.8660254037844385,-0.5000000000000004,0.9995608365087943,0.0296333278225596,1.0,6.123233995736766e-17,0,0,0,7.845333,3.1,25.790928,45979.855
2279,2025-03-29,882264.0,931113,2025,3,5,13,-0.8660254037844386,0.5000000000000001,0.9995608365087943,0.0296333278225596,1.0,6.123233995736766e-17,1,0,0,7.814083,0.90000004,36.90044,46234.953
2280,2025-03-30,904485.0,890851,2025,3,6,13,-2.4492935982947064e-16,1.0,0.9995608365087943,0.0296333278225596,1.0,6.123233995736766e-17,1,0,0,9.551583,0.0,31.508224,46490.902
2281,2025-03-31,894441.0,920380,2025,3,0,14,0.0,1.0,0.9960498426152168,-0.0887958953229347,1.0,6.123233995736766e-17,0,0,0,9.828668,0.2,7.9077177,46747.555
2282,2025-04-01,869615.0,920726,2025,4,1,14,0.8660254037844386,0.5000000000000001,0.9960498426152168,-0.0887958953229347,0.8660254037844387,-0.4999999999999998,0,0,0,7.7224164,0.0,17.194475,47004.77
2283,2025-04-02,891816.0,923664,2025,4,2,14,0.8660254037844387,-0.4999999999999998,0.9960498426152168,-0.0887958953229347,0.8660254037844387,-0.4999999999999998,0,0,0,7.566166,0.0,18.382044,47262.41
2284,2025-04-03,938452.0,936212,2025,4,3,14,1.2246467991473532e-16,-1.0,0.9960498426152168,-0.0887958953229347,0.8660254037844387,-0.4999999999999998,0,0,0,8.828668,0.0,18.687086,47520.33
2285,2025-04-04,850697.0,917752,2025,4,4,14,-0.8660254037844385,-0.5000000000000004,0.9960498426152168,-0.0887958953229347,0.8660254037844387,-0.4999999999999998,0,0,0,8.83075,0.0,18.832165,47778.375
2286,2025-04-05,895840.0,913412,2025,4,5,14,-0.8660254037844386,0.5000000000000001,0.9960498426152168,-0.0887958953229347,0.8660254037844387,-0.4999999999999998,1,0,0,7.1432495,0.0,18.723461,48036.402
2287,2025-04-06,1037237.0,909005,2025,4,6,14,-2.4492935982947064e-16,1.0,0.9960498426152168,-0.0887958953229347,0.8660254037844387,-0.4999999999999998,1,0,0,6.96825,0.0,12.605142,48294.258
2288,2025-04-07,509377.0,851380,2025,4,0,15,0.0,1.0,0.978556492299504,-0.2059786187410982,0.8660254037844387,-0.4999999999999998,0,0,0,6.6078334,0.0,8.2584505,48551.797
2289,2025-04-08,1035769.0,931283,2025,4,1,15,0.8660254037844386,0.5000000000000001,0.978556492299504,-0.2059786187410982,0.8660254037844387,-0.4999999999999998,0,0,0,7.5744996,0.0,5.0816135,48808.85
2290,2025-04-09,966362.0,915888,2025,4,2,15,0.8660254037844387,-0.4999999999999998,0.978556492299504,-0.2059786187410982,0.8660254037844387,-0.4999999999999998,0,0,0,6.934917,0.0,13.83192,49065.26
2291,2025-04-10,1018695.0,942258,2025,4,3,15,1.2246467991473532e-16,-1.0,0.978556492299504,-0.2059786187410982,0.8660254037844387,-0.4999999999999998,0,0,0,10.003667,0.0,14.810401,49320.87
2292,2025-04-11,1042397.0,929496,2025,4,4,15,-0.8660254037844385,-0.5000000000000004,0.978556492299504,-0.2059786187410982,0.8660254037844387,-0.4999999999999998,0,0,0,13.664085,0.0,14.401124,49575.508
2293,2025-04-12,1004722.0,911329,2025,4,5,15,-0.8660254037844386,0.5000000000000001,0.978556492299504,-0.2059786187410982,0.8660254037844387,-0.4999999999999998,1,0,0,13.337002,0.0,17.035456,49828.996
2294,2025-04-13,909111.0,899223,2025,4,6,15,-2.4492935982947064e-16,1.0,0.978556492299504,-0.2059786187410982,0.8660254037844387,-0.4999999999999998,1,0,0,9.905749,0.1,18.079027,50081.164
2295,2025-04-14,942737.0,843329,2025,4,0,16,0.0,1.0,0.9473263538541914,-0.3202698538628376,0.8660254037844387,-0.4999999999999998,0,0,0,9.9244995,0.6,25.129185,50331.83
2296,2025-04-15,954441.0,921968,2025,4,1,16,0.8660254037844386,0.5000000000000001,0.9473263538541914,-0.3202698538628376,0.8660254037844387,-0.4999999999999998,0,0,0,9.795332,0.5,10.685391,50580.8
2297,2025-04-16,913600.0,904478,2025,4,2,16,0.8660254037844387,-0.4999999999999998,0.9473263538541914,-0.3202698538628376,0.8660254037844387,-0.4999999999999998,0,0,0,7.6474175,2.7999995,31.641623,50827.883
2298,2025-04-17,1037340.0,942642,2025,4,3,16,1.2246467991473532e-16,-1.0,0.9473263538541914,-0.3202698538628376,0.8660254037844387,-0.4999999999999998,0,0,0,9.576583,0.0,17.311846,51073.22
2299,2025-04-18,986709.0,928400,2025,4,4,16,-0.8660254037844385,-0.5000000000000004,0.9473263538541914,-0.3202698538628376,0.8660254037844387,-0.4999999999999998,0,1,0,9.707834,1.8000001,18.978693,51318.58
2300,2025-04-19,999559.0,920090,2025,4,5,16,-0.8660254037844386,0.5000000000000001,0.9473263538541914,-0.3202698538628376,0.8660254037844387,-0.4999999999999998,1,0,0,9.249499,0.0,19.866161,51564.14
2301,2025-04-20,1043771.0,921829,2025,4,6,16,-2.4492935982947064e-16,1.0,0.9473263538541914,-0.3202698538628376,0.8660254037844387,-0.4999999999999998,1,0,0,8.772417,0.0,11.928989,51809.73
2302,2025-04-21,1061467.0,858509,2025,4,0,17,0.0,1.0,0.9027978299657434,-0.4300652022765205,0.8660254037844387,-0.4999999999999998,0,1,0,8.461999,2.3000002,10.837435,52055.203
2303,2025-04-22,1112140.0,946411,2025,4,1,17,0.8660254037844386,0.5000000000000001,0.9027978299657434,-0.4300652022765205,0.8660254037844387,-0.4999999999999998,0,0,0,10.8245,0.4,11.712454,52300.38
2304,2025-04-23,1053060.0,925472,2025,4,2,17,0.8660254037844387,-0.4999999999999998,0.9027978299657434,-0.4300652022765205,0.8660254037844387,-0.4999999999999998,0,0,0,10.701584,0.4,14.773164,52545.09
2305,2025-04-24,1054454.0,954219,2025,4,3,17,1.2246467991473532e-16,-1.0,0.9027978299657434,-0.4300652022765205,0.8660254037844387,-0.4999999999999998,0,0,0,9.1744995,0.0,9.600937,52789.156
2306,2025-04-25,1104893.0,950534,2025,4,4,17,-0.8660254037844385,-0.5000000000000004,0.9027978299657434,-0.4300652022765205,0.8660254037844387,-0.4999999999999998,0,0,0,9.395335,0.0,12.830604,53032.39
2307,2025-04-26,1000615.0,938276,2025,4,5,17,-0.8660254037844386,0.5000000000000001,0.9027978299657434,-0.4300652022765205,0.8660254037844387,-0.4999999999999998,1,0,0,10.537,0.1,10.805999,53274.61
2308,2025-04-27,1045788.0,953595,2025,4,6,17,-2.4492935982947064e-16,1.0,0.9027978299657434,-0.4300652022765205,0.8660254037844387,-0.4999999999999998,1,0,0,13.859917,0.0,16.199999,53515.617
2309,2025-04-28,996450.0,877456,2025,4,0,18,0.0,1.0,0.8455960035018261,-0.5338233779647907,0.8660254037844387,-0.4999999999999998,0,0,0,14.495332,0.0,10.8015,53755.21
2310,2025-04-29,1096553.0,974684,2025,4,1,18,0.8660254037844386,0.5000000000000001,0.8455960035018261,-0.5338233779647907,0.8660254037844387,-0.4999999999999998,0,0,0,17.409918,0.0,12.0694,53993.18
2311,2025-04-30,1003125.0,942979,2025,4,2,18,0.8660254037844387,-0.4999999999999998,0.8455960035018261,-0.5338233779647907,0.8660254037844387,-0.4999999999999998,0,0,0,18.747417,0.0,7.970972,54229.32
2312,2025-05-01,1029637.0,979555,2025,5,3,18,1.2246467991473532e-16,-1.0,0.8455960035018261,-0.5338233779647907,0.4999999999999999,-0.8660254037844387,0,0,0,18.203665,0.0,15.876775,54463.395
2313,2025-05-02,1059225.0,973101,2025,5,4,18,-0.8660254037844385,-0.5000000000000004,0.8455960035018261,-0.5338233779647907,0.4999999999999999,-0.8660254037844387,0,0,0,13.445333,0.0,11.39842,54695.18
2314,2025-05-03,1049656.0,963788,2025,5,5,18,-0.8660254037844386,0.5000000000000001,0.8455960035018261,-0.5338233779647907,0.4999999999999999,-0.8660254037844387,1,0,0,11.322415,0.2,17.64551,54924.45
2315,2025-05-04,1077548.0,983818,2025,5,6,18,-2.4492935982947064e-16,1.0,0.8455960035018261,-0.5338233779647907,0.4999999999999999,-0.8660254037844387,1,0,0,8.151584,0.5,19.639805,55150.95
2316,2025-05-05,1071391.0,902987,2025,5,0,19,0.0,1.0,0.7765238627180424,-0.630087843581711,0.4999999999999999,-0.8660254037844387,0,1,0,8.484916,0.5,19.222954,55374.426
2317,2025-05-06,1109578.0,1002289,2025,5,1,19,0.8660254037844386,0.5000000000000001,0.7765238627180424,-0.630087843581711,0.4999999999999999,-0.8660254037844387,0,0,0,10.328667,0.0,10.630672,55594.617
2318,2025-05-07,1043026.0,965211,2025,5,2,19,0.8660254037844387,-0.4999999999999998,0.7765238627180424,-0.630087843581711,0.4999999999999999,-0.8660254037844387,0,0,0,10.8724165,0.0,15.518672,55811.59
2319,2025-05-08,1090616.0,1009423,2025,5,3,19,1.2246467991473532e-16,-1.0,0.7765238627180424,-0.630087843581711,0.4999999999999999,-0.8660254037844387,0,0,0,10.251583,0.0,12.061343,56027.03
2320,2025-05-09,1113360.0,1004915,2025,5,4,19,-0.8660254037844385,-0.5000000000000004,0.7765238627180424,-0.630087843581711,0.4999999999999999,-0.8660254037844387,0,0,0,12.451583,0.0,10.825469,56241.082
2321,2025-05-10,1150276.0,997562,2025,5,5,19,-0.8660254037844386,0.5000000000000001,0.7765238627180424,-0.630087843581711,0.4999999999999999,-0.8660254037844387,1,0,0,14.828667,0.0,17.050665,56453.547
2322,2025-05-11,1025250.0,1006170,2025,5,6,19,-2.4492935982947064e-16,1.0,0.7765238627180424,-0.630087843581711,0.4999999999999999,-0.8660254037844387,1,0,0,15.061999,0.0,16.204998,56664.21
2323,2025-05-12,1097145.0,939001,2025,5,0,20,0.0,1.0,0.6965510290629972,-0.717507257044331,0.4999999999999999,-0.8660254037844387,0,0,0,16.128664,0.0,18.367939,56872.9
2324,2025-05-13,1070706.0,1035543,2025,5,1,20,0.8660254037844386,0.5000000000000001,0.6965510290629972,-0.717507257044331,0.4999999999999999,-0.8660254037844387,0,0,0,14.786999,0.0,16.22498,57079.367
2325,2025-05-14,1061512.0,990357,2025,5,2,20,0.8660254037844387,-0.4999999999999998,0.6965510290629972,-0.717507257044331,0.4999999999999999,-0.8660254037844387,0,0,0,12.364082,0.0,16.309628,57283.42
2326,2025-05-15,1057895.0,1032441,2025,5,3,20,1.2246467991473532e-16,-1.0,0.6965510290629972,-0.717507257044331,0.4999999999999999,-0.8660254037844387,0,0,0,11.447417,0.0,18.872551,57484.824
2327,2025-05-16,1085382.0,1034666,2025,5,4,20,-0.8660254037844385,-0.5000000000000004,0.6965510290629972,-0.717507257044331,0.4999999999999999,-0.8660254037844387,0,0,0,12.2994995,0.0,15.553083,57683.344
2328,2025-05-17,1069269.0,1024277,2025,5,5,20,-0.8660254037844386,0.5000000000000001,0.6965510290629972,-0.717507257044331,0.4999999999999999,-0.8660254037844387,1,0,0,13.19325,0.2,16.833609,57878.758
2329,2025-05-18,1037957.0,1025237,2025,5,6,20,-2.4492935982947064e-16,1.0,0.6965510290629972,-0.717507257044331,0.4999999999999999,-0.8660254037844387,1,0,0,11.814083,0.0,17.682194,58070.797
2330,2025-05-19,1043276.0,960263,2025,5,0,21,0.0,1.0,0.6068001458185932,-0.7948544414133534,0.4999999999999999,-0.8660254037844387,0,0,0,12.659917,0.6,12.710091,58259.223
2331,2025-05-20,1053965.0,1061879,2025,5,1,21,0.8660254037844386,0.5000000000000001,0.6068001458185932,-0.7948544414133534,0.4999999999999999,-0.8660254037844387,0,0,0,14.189082,0.0,10.99769,58443.77
2332,2025-05-21,,1006781,2025,5,2,21,0.8660254037844387,-0.4999999999999998,0.6068001458185932,-0.7948544414133534,0.4999999999999999,-0.8660254037844387,0,0,0,13.153667,0.0,13.203954,58624.17
2333,2025-05-22,,1048106,2025,5,3,21,1.2246467991473532e-16,-1.0,0.6068001458185932,-0.7948544414133534,0.4999999999999999,-0.8660254037844387,0,0,0,10.4765835,0.2,14.539945,58800.176
2334,2025-05-23,,1065328,2025,5,4,21,-0.8660254037844385,-0.5000000000000004,0.6068001458185932,-0.7948544414133534,0.4999999999999999,-0.8660254037844387,0,0,0,12.25575,1.4000001,16.940096,58971.484
2335,2025-05-24,,1045683,2025,5,5,21,-0.8660254037844386,0.5000000000000001,0.6068001458185932,-0.7948544414133534,0.4999999999999999,-0.8660254037844387,1,0,0,15.237,5.5,24.923338,59137.824
2336,2025-05-25,,1023238,2025,5,6,21,-2.4492935982947064e-16,1.0,0.6068001458185932,-0.7948544414133534,0.4999999999999999,-0.8660254037844387,1,0,0,12.945332,1.3000002,30.317043,59298.9
2337,2025-05-26,,1035411,2025,5,0,22,0.0,1.0,0.5085311186492207,-0.8610436117673553,0.4999999999999999,-0.8660254037844387,0,1,0,11.553666,11.8,28.385834,59454.42
2338,2025-05-27,,1066231,2025,5,1,22,0.8660254037844386,0.5000000000000001,0.5085311186492207,-0.8610436117673553,0.4999999999999999,-0.8660254037844387,0,0,0,11.807834,3.5,26.980793,59604.35
2339,2025-05-28,,1017084,2025,5,2,22,0.8660254037844387,-0.4999999999999998,0.5085311186492207,-0.8610436117673553,0.4999999999999999,-0.8660254037844387,0,0,0,12.584915,0.4,17.462784,59749.902
2340,2025-05-29,,1053266,2025,5,3,22,1.2246467991473532e-16,-1.0,0.5085311186492207,-0.8610436117673553,0.4999999999999999,-0.8660254037844387,0,0,0,15.189082,9.500001,26.055895,59891.152
2341,2025-05-30,,1064518,2025,5,4,22,-0.8660254037844385,-0.5000000000000004,0.5085311186492207,-0.8610436117673553,0.4999999999999999,-0.8660254037844387,0,0,0,16.289083,1.2,23.219301,60027.93
2342,2025-05-31,,1046773,2025,5,5,22,-0.8660254037844386,0.5000000000000001,0.5085311186492207,-0.8610436117673553,0.4999999999999999,-0.8660254037844387,1,0,0,16.378668,0.5,22.277134,60160.062
2343,2025-06-01,,1024365,2025,6,6,22,-2.4492935982947064e-16,1.0,0.5085311186492207,-0.8610436117673553,1.2246467991473532e-16,-1.0,1,0,0,13.241165,1.7000002,24.5817,60287.387
2344,2025-06-02,,1043446,2025,6,0,23,0.0,1.0,0.4031234292879726,-0.9151456172430182,1.2246467991473532e-16,-1.0,0,0,0,13.320332,0.1,22.629229,60409.7
2345,2025-06-03,,1080846,2025,6,1,23,0.8660254037844386,0.5000000000000001,0.4031234292879726,-0.9151456172430182,1.2246467991473532e-16,-1.0,0,0,0,12.493249,8.900002,28.963785,60526.855
2346,2025-06-04,979901.0,1031625,2025,6,2,23,0.8660254037844387,-0.4999999999999998,0.4031234292879726,-0.9151456172430182,1.2246467991473532e-16,-1.0,0,0,0,11.907832,3.3,23.510508,60638.65
2347,2025-06-05,,1057393,2025,6,3,23,1.2246467991473532e-16,-1.0,0.4031234292879726,-0.9151456172430182,1.2246467991473532e-16,-1.0,0,0,0,12.639085,6.2,18.307865,60744.934
2348,2025-06-06,,1066250,2025,6,4,23,-0.8660254037844385,-0.5000000000000004,0.4031234292879726,-0.9151456172430182,1.2246467991473532e-16,-1.0,0,0,0,11.776584,5.899999,18.627172,60845.51
2349,2025-06-07,,1052321,2025,6,5,23,-0.8660254037844386,0.5000000000000001,0.4031234292879726,-0.9151456172430182,1.2246467991473532e-16,-1.0,1,0,0,11.29325,8.5,15.861461,60940.207
2350,2025-06-08,,1002465,2025,6,6,23,-2.4492935982947064e-16,1.0,0.4031234292879726,-0.9151456172430182,1.2246467991473532e-16,-1.0,1,0,0,11.222419,1.2,21.675615,61028.86
2351,2025-06-09,,1024942,2025,6,0,24,0.0,1.0,0.2920567706369759,-0.9564009842765224,1.2246467991473532e-16,-1.0,0,0,0,13.00575,7.1000004,23.979893,61111.293
2352,2025-06-10,,1056445,2025,6,1,24,0.8660254037844386,0.5000000000000001,0.2920567706369759,-0.9564009842765224,1.2246467991473532e-16,-1.0,0,0,0,14.197417,1.5,27.905224,61187.324
2353,2025-06-11,,1028053,2025,6,2,24,0.8660254037844387,-0.4999999999999998,0.2920567706369759,-0.9564009842765224,1.2246467991473532e-16,-1.0,0,0,0,16.491167,0.0,15.910412,61256.8
2354,2025-06-12,,1043803,2025,6,3,24,1.2246467991473532e-16,-1.0,0.2920567706369759,-0.9564009842765224,1.2246467991473532e-16,-1.0,0,0,0,17.1245,1.0,21.45627,61319.56
2355,2025-06-13,,1047493,2025,6,4,24,-0.8660254037844385,-0.5000000000000004,0.2920567706369759,-0.9564009842765224,1.2246467991473532e-16,-1.0,0,0,0,19.280748,2.0,18.59671,61375.43
2356,2025-06-14,,1044768,2025,6,5,24,-0.8660254037844386,0.5000000000000001,0.2920567706369759,-0.9564009842765224,1.2246467991473532e-16,-1.0,1,0,0,17.230751,6.1999993,24.518353,61424.258
2357,2025-06-15,,996235,2025,6,6,24,-2.4492935982947064e-16,1.0,0.2920567706369759,-0.9564009842765224,1.2246467991473532e-16,-1.0,1,0,0,15.857834,0.1,23.266697,61465.91
2358,2025-06-16,,1023382,2025,6,0,25,0.0,1.0,0.1768902751225731,-0.9842305779475968,1.2246467991473532e-16,-1.0,0,0,0,18.424498,0.0,18.329092,61500.285
2359,2025-06-17,1026856.0,1033138,2025,6,1,25,0.8660254037844386,0.5000000000000001,0.1768902751225731,-0.9842305779475968,1.2246467991473532e-16,-1.0,0,0,0,17.16825,0.0,21.158232,61527.613
2360,2025-06-18,1056894.0,1033831,2025,6,2,25,0.8660254037844387,-0.4999999999999998,0.1768902751225731,-0.9842305779475968,1.2246467991473532e-16,-1.0,0,0,0,17.745333,0.0,13.403656,61547.965
2361,2025-06-19,1034529.0,1038773,2025,6,3,25,1.2246467991473532e-16,-1.0,0.1768902751225731,-0.9842305779475968,1.2246467991473532e-16,-1.0,0,0,0,19.666166,0.0,14.372974,61561.383
2362,2025-06-20,1063359.0,1045986,2025,6,4,25,-0.8660254037844385,-0.5000000000000004,0.1768902751225731,-0.9842305779475968,1.2246467991473532e-16,-1.0,0,0,0,22.66825,0.0,15.281989,61567.87
2363,2025-06-21,1026016.0,1038827,2025,6,5,25,-0.8660254037844386,0.5000000000000001,0.1768902751225731,-0.9842305779475968,1.2246467991473532e-16,-1.0,1,0,0,23.001581,0.90000004,18.75631,61567.492
2364,2025-06-22,,982696,2025,6,6,25,-2.4492935982947064e-16,1.0,0.1768902751225731,-0.9842305779475968,1.2246467991473532e-16,-1.0,1,0,0,17.122416,5.2,26.211487,61560.28
2365,2025-06-23,,1028227,2025,6,0,26,0.0,1.0,0.0592406278937141,-0.9982437317643216,1.2246467991473532e-16,-1.0,0,0,0,14.3099165,1.1000001,29.88217,61546.297
2366,2025-06-24,,1020398,2025,6,1,26,0.8660254037844386,0.5000000000000001,0.0592406278937141,-0.9982437317643216,1.2246467991473532e-16,-1.0,0,0,0,16.855751,4.3999996,28.337852,61525.58
2367,2025-06-25,,1032298,2025,6,2,26,0.8660254037844387,-0.4999999999999998,0.0592406278937141,-0.9982437317643216,1.2246467991473532e-16,-1.0,0,0,0,18.093248,0.6,14.879153,61498.203
2368,2025-06-26,,1030133,2025,6,3,26,1.2246467991473532e-16,-1.0,0.0592406278937141,-0.9982437317643216,1.2246467991473532e-16,-1.0,0,0,0,16.516165,3.7999997,26.66978,61464.25
2369,2025-06-27,,1034757,2025,6,4,26,-0.8660254037844385,-0.5000000000000004,0.0592406278937141,-0.9982437317643216,1.2246467991473532e-16,-1.0,0,0,0,17.912,0.4,24.770117,61423.766
2370,2025-06-28,,1020252,2025,6,5,26,-0.8660254037844386,0.5000000000000001,0.0592406278937141,-0.9982437317643216,1.2246467991473532e-16,-1.0,1,0,0,20.2745,1.0,25.71733,61376.844
2371,2025-06-29,,981292,2025,6,6,26,-2.4492935982947064e-16,1.0,0.0592406278937141,-0.9982437317643216,1.2246467991473532e-16,-1.0,1,0,0,19.366165,0.0,13.397612,61323.582
2372,2025-06-30,,1019116,2025,6,0,27,0.0,1.0,-0.0592406278937138,-0.9982437317643216,1.2246467991473532e-16,-1.0,0,0,0,22.609917,0.3,16.454994,61264.043
2373,2025-07-01,,1018001,2025,7,1,27,0.8660254037844386,0.5000000000000001,-0.0592406278937138,-0.9982437317643216,-0.4999999999999997,-0.8660254037844388,0,0,0,17.766165,3.3999999,14.517644,61198.332
2374,2025-07-02,,1030289,2025,7,2,27,0.8660254037844387,-0.4999999999999998,-0.0592406278937138,-0.9982437317643216,-0.4999999999999997,-0.8660254037844388,0,0,0,15.014084,4.2999997,26.405453,61126.55
2375,2025-07-03,,1030558,2025,7,3,27,1.2246467991473532e-16,-1.0,-0.0592406278937138,-0.9982437317643216,-0.4999999999999997,-0.8660254037844388,0,0,0,15.095333,0.0,17.548845,61048.785
2376,2025-07-04,,1026322,2025,7,4,27,-0.8660254037844385,-0.5000000000000004,-0.0592406278937138,-0.9982437317643216,-0.4999999999999997,-0.8660254037844388,0,0,0,16.186998,1.7000002,27.999691,60965.152
2377,2025-07-05,,1006663,2025,7,5,27,-0.8660254037844386,0.5000000000000001,-0.0592406278937138,-0.9982437317643216,-0.4999999999999997,-0.8660254037844388,1,0,0,17.230753,1.3000002,25.068514,60875.758
2378,2025-07-06,,968935,2025,7,6,27,-2.4492935982947064e-16,1.0,-0.0592406278937138,-0.9982437317643216,-0.4999999999999997,-0.8660254037844388,1,0,0,15.584915,15.9000025,15.408671,60780.516
2379,2025-07-07,,1013924,2025,7,0,28,0.0,1.0,-0.1768902751225729,-0.9842305779475968,-0.4999999999999997,-0.8660254037844388,0,0,0,14.126586,1.4000001,27.375391,60678.566
2380,2025-07-09,,1037983,2025,7,2,28,0.8660254037844387,-0.4999999999999998,-0.1768902751225729,-0.9842305779475968,-0.4999999999999997,-0.8660254037844388,0,0,0,17.926584,0.6,16.794104,60455.04
2381,2025-07-10,,1037132,2025,7,3,28,1.2246467991473532e-16,-1.0,-0.1768902751225729,-0.9842305779475968,-0.4999999999999997,-0.8660254037844388,0,0,0,19.541166,0.0,9.9571085,60333.953
2382,2025-07-11,,1038339,2025,7,4,28,-0.8660254037844385,-0.5000000000000004,-0.1768902751225729,-0.9842305779475968,-0.4999999999999997,-0.8660254037844388,0,0,0,21.843248,0.0,9.19939,60207.0
2383,2025-07-12,,1022774,2025,7,5,28,-0.8660254037844386,0.5000000000000001,-0.1768902751225729,-0.9842305779475968,-0.4999999999999997,-0.8660254037844388,1,0,0,21.345335,0.0,14.417988,60074.445
2384,2025-07-13,,1005289,2025,7,6,28,-2.4492935982947064e-16,1.0,-0.1768902751225729,-0.9842305779475968,-0.4999999999999997,-0.8660254037844388,1,0,0,20.743252,0.0,14.059602,59936.523
2385,2025-07-14,,1045120,2025,7,0,29,0.0,1.0,-0.2920567706369756,-0.9564009842765224,-0.4999999999999997,-0.8660254037844388,0,0,0,18.7745,7.099999,18.864824,59793.48
2386,2025-07-15,,1036478,2025,7,1,29,0.8660254037844386,0.5000000000000001,-0.2920567706369756,-0.9564009842765224,-0.4999999999999997,-0.8660254037844388,0,0,0,15.184915,7.299999,24.565218,59645.58
2387,2025-07-16,,1054028,2025,7,2,29,0.8660254037844387,-0.4999999999999998,-0.2920567706369756,-0.9564009842765224,-0.4999999999999997,-0.8660254037844388,0,0,0,17.4245,0.1,15.481048,59493.055
2388,2025-07-17,,1034373,2025,7,3,29,1.2246467991473532e-16,-1.0,-0.2920567706369756,-0.9564009842765224,-0.4999999999999997,-0.8660254037844388,0,0,0,17.745333,0.1,14.447172,59336.14
2389,2025-07-18,,1066868,2025,7,4,29,-0.8660254037844385,-0.5000000000000004,-0.2920567706369756,-0.9564009842765224,-0.4999999999999997,-0.8660254037844388,0,0,0,19.532835,3.7999997,10.626099,59175.098
2390,2025-07-19,,1044696,2025,7,5,29,-0.8660254037844386,0.5000000000000001,-0.2920567706369756,-0.9564009842765224,-0.4999999999999997,-0.8660254037844388,1,0,0,17.595333,4.1,8.461915,59010.13
2391,2025-07-20,,1035035,2025,7,6,29,-2.4492935982947064e-16,1.0,-0.2920567706369756,-0.9564009842765224,-0.4999999999999997,-0.8660254037844388,1,0,0,17.009918,9.100001,16.204998,58841.484
2392,2025-07-21,,1075529,2025,7,0,30,0.0,1.0,-0.403123429287972,-0.9151456172430186,-0.4999999999999997,-0.8660254037844388,0,0,0,16.74325,3.7000003,11.157096,58669.36
2393,2025-07-22,,1068604,2025,7,1,30,0.8660254037844386,0.5000000000000001,-0.403123429287972,-0.9151456172430186,-0.4999999999999997,-0.8660254037844388,0,0,0,16.924501,0.2,17.811815,58494.0
2394,2025-07-23,,1079778,2025,7,2,30,0.8660254037844387,-0.4999999999999998,-0.403123429287972,-0.9151456172430186,-0.4999999999999997,-0.8660254037844388,0,0,0,16.31825,1.9000001,12.606426,58315.594
2395,2025-07-24,,1065874,2025,7,3,30,1.2246467991473532e-16,-1.0,-0.403123429287972,-0.9151456172430186,-0.4999999999999997,-0.8660254037844388,0,0,0,17.995333,0.1,14.059602,58134.36
2396,2025-07-25,,1092360,2025,7,4,30,-0.8660254037844385,-0.5000000000000004,-0.403123429287972,-0.9151456172430186,-0.4999999999999997,-0.8660254037844388,0,0,0,17.172415,0.0,15.655861,57950.51
2397,2025-07-26,,1066579,2025,7,5,30,-0.8660254037844386,0.5000000000000001,-0.403123429287972,-0.9151456172430186,-0.4999999999999997,-0.8660254037844388,1,0,0,17.351583,0.1,16.507088,57763.93
2398,2025-07-27,,1051184,2025,7,6,30,-2.4492935982947064e-16,1.0,-0.403123429287972,-0.9151456172430186,-0.4999999999999997,-0.8660254037844388,1,0,0,15.570335,0.0,18.892282,57573.08
2399,2025-07-28,,1089168,2025,7,0,31,0.0,1.0,-0.5085311186492202,-0.8610436117673557,-0.4999999999999997,-0.8660254037844388,0,0,0,16.174501,1.1,20.49156,57377.934
2400,2025-07-29,,1098634,2025,7,1,31,0.8660254037844386,0.5000000000000001,-0.5085311186492202,-0.8610436117673557,-0.4999999999999997,-0.8660254037844388,0,0,0,15.89325,1.3000001,11.4862,57178.793
2401,2025-07-30,,1097426,2025,7,2,31,0.8660254037844387,-0.4999999999999998,-0.5085311186492202,-0.8610436117673557,-0.4999999999999997,-0.8660254037844388,0,0,0,17.078669,0.4,19.166409,56975.934
2402,2025-07-31,,1087091,2025,7,3,31,1.2246467991473532e-16,-1.0,-0.5085311186492202,-0.8610436117673557,-0.4999999999999997,-0.8660254037844388,0,0,0,17.189085,0.70000005,17.325876,56769.617
2403,2025-08-01,,1114230,2025,8,4,31,-0.8660254037844385,-0.5000000000000004,-0.5085311186492202,-0.8610436117673557,-0.8660254037844385,-0.5000000000000004,0,0,0,15.093251,0.9000001,14.512064,56560.1
2404,2025-08-02,,1090487,2025,8,5,31,-0.8660254037844386,0.5000000000000001,-0.5085311186492202,-0.8610436117673557,-0.8660254037844385,-0.5000000000000004,1,0,0,15.428668,0.0,16.419512,56347.656
2405,2025-08-03,,1072702,2025,8,6,31,-2.4492935982947064e-16,1.0,-0.5085311186492202,-0.8610436117673557,-0.8660254037844385,-0.5000000000000004,1,0,0,16.8495,0.5,23.051247,56132.523
2406,2025-08-04,,1103473,2025,8,0,32,0.0,1.0,-0.6068001458185934,-0.7948544414133533,-0.8660254037844385,-0.5000000000000004,0,0,0,16.453667,5.3999996,32.592426,55914.934
2407,2025-08-05,,1116414,2025,8,1,32,0.8660254037844386,0.5000000000000001,-0.6068001458185934,-0.7948544414133533,-0.8660254037844385,-0.5000000000000004,0,0,0,14.537,2.8000002,32.49785,55695.125
2408,2025-08-06,,1122362,2025,8,2,32,0.8660254037844387,-0.4999999999999998,-0.6068001458185934,-0.7948544414133533,-0.8660254037844385,-0.5000000000000004,0,0,0,15.991168,0.0,20.211363,55473.33
2409,2025-08-07,,1115722,2025,8,3,32,1.2246467991473532e-16,-1.0,-0.6068001458185934,-0.7948544414133533,-0.8660254037844385,-0.5000000000000004,0,0,0,16.659916,2.1,22.535252,55249.75
2410,2025-08-08,,1129040,2025,8,4,32,-0.8660254037844385,-0.5000000000000004,-0.6068001458185934,-0.7948544414133533,-0.8660254037844385,-0.5000000000000004,0,0,0,16.226583,0.0,24.627787,55024.61
2411,2025-08-09,,1124168,2025,8,5,32,-0.8660254037844386,0.5000000000000001,-0.6068001458185934,-0.7948544414133533,-0.8660254037844385,-0.5000000000000004,1,0,0,16.226583,0.4,28.814058,54798.11
2412,2025-08-10,,1093581,2025,8,6,32,-2.4492935982947064e-16,1.0,-0.6068001458185934,-0.7948544414133533,-0.8660254037844385,-0.5000000000000004,1,0,0,17.516169,0.0,15.042659,54570.45
2413,2025-08-11,,1127415,2025,8,0,33,0.0,1.0,-0.6965510290629969,-0.7175072570443312,-0.8660254037844385,-0.5000000000000004,0,0,0,20.96825,0.0,8.709098,54341.816
2414,2025-08-12,,1133229,2025,8,1,33,0.8660254037844386,0.5000000000000001,-0.6965510290629969,-0.7175072570443312,-0.8660254037844385,-0.5000000000000004,0,0,0,21.166168,0.0,8.131936,54112.402
2415,2025-08-13,,1135567,2025,8,2,33,0.8660254037844387,-0.4999999999999998,-0.6965510290629969,-0.7175072570443312,-0.8660254037844385,-0.5000000000000004,0,0,0,22.622416,0.0,17.682194,53882.387
2416,2025-08-14,,1133065,2025,8,3,33,1.2246467991473532e-16,-1.0,-0.6965510290629969,-0.7175072570443312,-0.8660254037844385,-0.5000000000000004,0,0,0,19.989084,1.0,15.03835,53651.94
2417,2025-08-15,,1157544,2025,8,4,33,-0.8660254037844385,-0.5000000000000004,-0.6965510290629969,-0.7175072570443312,-0.8660254037844385,-0.5000000000000004,0,0,0,19.739084,0.0,13.896187,53420.92
2418,2025-08-16,,1144939,2025,8,5,33,-0.8660254037844386,0.5000000000000001,-0.6965510290629969,-0.7175072570443312,-0.8660254037844385,-0.5000000000000004,1,0,0,17.647415,0.0,10.209348,53187.605
2419,2025-08-17,,1113996,2025,8,6,33,-2.4492935982947064e-16,1.0,-0.6965510290629969,-0.7175072570443312,-0.8660254037844385,-0.5000000000000004,1,0,0,16.728666,0.0,12.673074,52951.906
2420,2025-08-18,,1148713,2025,8,0,34,0.0,1.0,-0.7765238627180425,-0.6300878435817109,-0.8660254037844385,-0.5000000000000004,0,0,0,16.701584,0.0,13.543131,52714.027
2421,2025-08-19,,1158307,2025,8,1,34,0.8660254037844386,0.5000000000000001,-0.7765238627180425,-0.6300878435817109,-0.8660254037844385,-0.5000000000000004,0,0,0,15.434917,0.3,17.352036,52474.184
2422,2025-08-20,,1141166,2025,8,2,34,0.8660254037844387,-0.4999999999999998,-0.7765238627180425,-0.6300878435817109,-0.8660254037844385,-0.5000000000000004,0,0,0,14.401582,0.5,18.440998,52232.58
2423,2025-08-21,,1151767,2025,8,3,34,1.2246467991473532e-16,-1.0,-0.7765238627180425,-0.6300878435817109,-0.8660254037844385,-0.5000000000000004,0,0,0,14.278668,0.3,14.169785,51989.414
2424,2025-08-22,,1172694,2025,8,4,34,-0.8660254037844385,-0.5000000000000004,-0.7765238627180425,-0.6300878435817109,-0.8660254037844385,-0.5000000000000004,0,0,0,14.795334,0.1,18.417263,51744.87
2425,2025-08-23,,1147682,2025,8,5,34,-0.8660254037844386,0.5000000000000001,-0.7765238627180425,-0.6300878435817109,-0.8660254037844385,-0.5000000000000004,1,0,0,17.001583,0.2,6.522361,51499.14
2426,2025-08-24,,1111795,2025,8,6,34,-2.4492935982947064e-16,1.0,-0.7765238627180425,-0.6300878435817109,-0.8660254037844385,-0.5000000000000004,1,0,0,19.057835,0.0,9.605998,51252.406
2427,2025-08-25,,1136138,2025,8,0,35,0.0,1.0,-0.845596003501826,-0.533823377964791,-0.8660254037844385,-0.5000000000000004,0,1,0,21.239084,0.0,18.533009,51004.832
2428,2025-08-26,,1145318,2025,8,1,35,0.8660254037844386,0.5000000000000001,-0.845596003501826,-0.533823377964791,-0.8660254037844385,-0.5000000000000004,0,0,0,18.889082,1.4,19.500736,50756.598
2429,2025-08-27,,1128036,2025,8,2,35,0.8660254037844387,-0.4999999999999998,-0.845596003501826,-0.533823377964791,-0.8660254037844385,-0.5000000000000004,0,0,0,16.447416,4.6,17.828178,50507.863
2430,2025-08-28,,1152238,2025,8,3,35,1.2246467991473532e-16,-1.0,-0.845596003501826,-0.533823377964791,-0.8660254037844385,-0.5000000000000004,0,0,0,15.039083,2.0,20.83806,50258.793
2431,2025-08-29,,1159422,2025,8,4,35,-0.8660254037844385,-0.5000000000000004,-0.845596003501826,-0.533823377964791,-0.8660254037844385,-0.5000000000000004,0,0,0,15.007833,0.1,15.68584,50009.55
2432,2025-08-30,,1127304,2025,8,5,35,-0.8660254037844386,0.5000000000000001,-0.845596003501826,-0.533823377964791,-0.8660254037844385,-0.5000000000000004,1,0,0,16.034918,1.8000001,22.691425,49760.27
2433,2025-08-31,,1118737,2025,8,6,35,-2.4492935982947064e-16,1.0,-0.845596003501826,-0.533823377964791,-0.8660254037844385,-0.5000000000000004,1,0,0,15.607835,3.6,22.666426,49511.117
2434,2025-09-01,,1141137,2025,9,0,36,0.0,1.0,-0.9027978299657436,-0.4300652022765204,-1.0,-1.8369701987210294e-16,0,0,0,14.793247,6.9999995,22.049082,49262.227
2435,2025-09-02,,1133363,2025,9,1,36,0.8660254037844386,0.5000000000000001,-0.9027978299657436,-0.4300652022765204,-1.0,-1.8369701987210294e-16,0,0,0,14.989082,1.0,14.634343,49013.758
2436,2025-09-03,,1119779,2025,9,2,36,0.8660254037844387,-0.4999999999999998,-0.9027978299657436,-0.4300652022765204,-1.0,-1.8369701987210294e-16,0,0,0,14.9557495,6.1,17.630814,48765.844
2437,2025-09-04,,1150967,2025,9,3,36,1.2246467991473532e-16,-1.0,-0.9027978299657436,-0.4300652022765204,-1.0,-1.8369701987210294e-16,0,0,0,14.001583,0.8,16.34832,48518.312
2438,2025-09-05,,1171418,2025,9,4,36,-0.8660254037844385,-0.5000000000000004,-0.9027978299657436,-0.4300652022765204,-1.0,-1.8369701987210294e-16,0,0,0,14.334918,0.3,17.01738,48269.473
2439,2025-09-06,,1161471,2025,9,5,36,-0.8660254037844386,0.5000000000000001,-0.9027978299657436,-0.4300652022765204,-1.0,-1.8369701987210294e-16,1,0,0,15.691169,0.0,18.075441,48019.17
2440,2025-09-07,,1141257,2025,9,6,36,-2.4492935982947064e-16,1.0,-0.9027978299657436,-0.4300652022765204,-1.0,-1.8369701987210294e-16,1,0,0,16.395332,5.7000003,16.80857,47767.582
2441,2025-09-08,,1161910,2025,9,0,37,0.0,1.0,-0.9473263538541912,-0.320269853862838,-1.0,-1.8369701987210294e-16,0,0,0,13.784917,0.3,17.072504,47514.855
2442,2025-09-09,,1141479,2025,9,1,37,0.8660254037844386,0.5000000000000001,-0.9473263538541912,-0.320269853862838,-1.0,-1.8369701987210294e-16,0,0,0,13.876584,0.0,14.24163,47261.152
2443,2025-09-10,,1128062,2025,9,2,37,0.8660254037844387,-0.4999999999999998,-0.9473263538541912,-0.320269853862838,-1.0,-1.8369701987210294e-16,0,0,0,14.076584,6.0,22.151703,47006.613
2444,2025-09-11,,1156611,2025,9,3,37,1.2246467991473532e-16,-1.0,-0.9473263538541912,-0.320269853862838,-1.0,-1.8369701987210294e-16,0,0,0,12.009915,1.1000001,21.599998,46751.4
2445,2025-09-12,,1183006,2025,9,4,37,-0.8660254037844385,-0.5000000000000004,-0.9473263538541912,-0.320269853862838,-1.0,-1.8369701987210294e-16,0,0,0,11.745334,1.7,22.166325,46495.652
2446,2025-09-13,,1180055,2025,9,5,37,-0.8660254037844386,0.5000000000000001,-0.9473263538541912,-0.320269853862838,-1.0,-1.8369701987210294e-16,1,0,0,11.712001,3.3999999,20.073833,46239.516
2447,2025-09-14,,1150293,2025,9,6,37,-2.4492935982947064e-16,1.0,-0.9473263538541912,-0.320269853862838,-1.0,-1.8369701987210294e-16,1,0,0,11.964084,7.0,23.617756,45983.13
2448,2025-09-15,,1163900,2025,9,0,38,0.0,1.0,-0.978556492299504,-0.2059786187410985,-1.0,-1.8369701987210294e-16,0,0,0,12.930749,8.800001,39.45122,45726.637
2449,2025-09-16,,1144757,2025,9,1,38,0.8660254037844386,0.5000000000000001,-0.978556492299504,-0.2059786187410985,-1.0,-1.8369701987210294e-16,0,0,0,12.978665,2.6000004,27.930176,45470.176
2450,2025-09-17,,1116700,2025,9,2,38,0.8660254037844387,-0.4999999999999998,-0.978556492299504,-0.2059786187410985,-1.0,-1.8369701987210294e-16,0,0,0,14.518249,10.1,21.45627,45213.883
2451,2025-09-18,,1145955,2025,9,3,38,1.2246467991473532e-16,-1.0,-0.978556492299504,-0.2059786187410985,-1.0,-1.8369701987210294e-16,0,0,0,15.997415,0.3,21.017649,44957.895
2452,2025-09-19,,1178571,2025,9,4,38,-0.8660254037844385,-0.5000000000000004,-0.978556492299504,-0.2059786187410985,-1.0,-1.8369701987210294e-16,0,0,0,17.757833,0.4,20.750027,44702.348
2453,2025-09-20,,1175629,2025,9,5,38,-0.8660254037844386,0.5000000000000001,-0.978556492299504,-0.2059786187410985,-1.0,-1.8369701987210294e-16,1,0,0,12.759915,39.6,37.650993,44447.38
2454,2025-09-21,,1173146,2025,9,6,38,-2.4492935982947064e-16,1.0,-0.978556492299504,-0.2059786187410985,-1.0,-1.8369701987210294e-16,1,0,0,9.482833,5.6,25.872454,44193.117
2455,2025-09-22,,1176602,2025,9,0,39,0.0,1.0,-0.9960498426152168,-0.0887958953229354,-1.0,-1.8369701987210294e-16,0,0,0,8.866166,0.0,12.204212,43939.707
2456,2025-09-23,,1170907,2025,9,1,39,0.8660254037844386,0.5000000000000001,-0.9960498426152168,-0.0887958953229354,-1.0,-1.8369701987210294e-16,0,0,0,9.884915,0.0,8.557102,43687.273
2457,2025-09-24,,1149219,2025,9,2,39,0.8660254037844387,-0.4999999999999998,-0.9960498426152168,-0.0887958953229354,-1.0,-1.8369701987210294e-16,0,0,0,10.857833,0.0,10.209348,43435.652
2458,2025-09-25,,1177971,2025,9,3,39,1.2246467991473532e-16,-1.0,-0.9960498426152168,-0.0887958953229354,-1.0,-1.8369701987210294e-16,0,0,0,10.793251,0.0,12.638512,43183.09
2459,2025-09-26,,1205818,2025,9,4,39,-0.8660254037844385,-0.5000000000000004,-0.9960498426152168,-0.0887958953229354,-1.0,-1.8369701987210294e-16,0,0,0,10.972416,0.1,11.734564,42929.426
2460,2025-09-27,,1204353,2025,9,5,39,-0.8660254037844386,0.5000000000000001,-0.9960498426152168,-0.0887958953229354,-1.0,-1.8369701987210294e-16,1,0,0,11.566167,3.8,18.958197,42674.81
2461,2025-09-28,,1223970,2025,9,6,39,-2.4492935982947064e-16,1.0,-0.9960498426152168,-0.0887958953229354,-1.0,-1.8369701987210294e-16,1,0,0,12.099499,6.3999996,11.391313,42419.395
2462,2025-09-29,,1202090,2025,9,0,40,0.0,1.0,-0.9995608365087943,0.0296333278225594,-1.0,-1.8369701987210294e-16,0,0,0,10.207832,0.0,8.557102,42163.33
2463,2025-09-30,,1197141,2025,9,1,40,0.8660254037844386,0.5000000000000001,-0.9995608365087943,0.0296333278225594,-1.0,-1.8369701987210294e-16,0,0,0,12.226584,0.0,9.299225,41906.754
2464,2025-10-01,,1176340,2025,10,2,40,0.8660254037844387,-0.4999999999999998,-0.9995608365087943,0.0296333278225594,-0.8660254037844386,0.5000000000000001,0,0,0,13.161999,5.8,12.830604,41649.832
2465,2025-10-02,,1199665,2025,10,3,40,1.2246467991473532e-16,-1.0,-0.9995608365087943,0.0296333278225594,-0.8660254037844386,0.5000000000000001,0,0,0,13.891168,4.6,25.18521,41392.707
2466,2025-10-03,,1226239,2025,10,4,40,-0.8660254037844385,-0.5000000000000004,-0.9995608365087943,0.0296333278225594,-0.8660254037844386,0.5000000000000001,0,0,0,14.780751,25.900002,36.312294,41135.527
2467,2025-10-04,,1227595,2025,10,5,40,-0.8660254037844386,0.5000000000000001,-0.9995608365087943,0.0296333278225594,-0.8660254037844386,0.5000000000000001,1,0,0,10.353667,4.8999996,35.230373,40878.453
2468,2025-10-05,,1252827,2025,10,6,40,-2.4492935982947064e-16,1.0,-0.9995608365087943,0.0296333278225594,-0.8660254037844386,0.5000000000000001,1,0,0,11.795334,0.0,35.667717,40621.633
2469,2025-10-06,,1240149,2025,10,0,41,0.0,1.0,-0.989040187322164,0.1476465640024803,-0.8660254037844386,0.5000000000000001,0,0,0,13.936999,2.4,21.782974,40365.215
